#        weight    minuslogpost deu_damping_envelope_beta deu_transfer_polamp_p_vis         omega_b             n_s        A_planck       chi2__CMB   minuslogprior minuslogprior__0            chi2 chi2__planck_2018_highl_plik.TTTEEE_lite chi2__planck_2018_lowl.TT chi2__planck_2018_lowl.EE chi2__planck_2018_lensing.native
              1       572.97896               0.030232623                 1.0474716     0.021964775      0.98179941           1.025       1207.6577      -30.849897       -30.849897       1207.6577                                 764.6266                 26.438526                 397.87538                        18.717202
              2       572.87477               0.029955289                 1.0469339      0.02195113       0.9816323           1.025       1207.4493      -30.849897       -30.849897       1207.4493                                764.34012                 26.482111                 397.87538                        18.751724
              1       572.97953               0.030193983                 1.0473562     0.021950487      0.98241182           1.025       1207.6589      -30.849897       -30.849897       1207.6589                                764.71836                 26.276564                 397.84712                         18.81682
              2       573.04427               0.030275306                 1.0476291      0.02193573      0.98234875           1.025       1207.7883      -30.849897       -30.849897       1207.7883                                 764.8259                 26.291351                  397.8438                        18.827281
              2        573.2356               0.030275306                 1.0476291      0.02193573      0.98234875       1.0254924        1208.171      -30.849897       -30.849897        1208.171                                765.60689                 26.202475                 397.84712                        18.514506
              1       573.51015               0.029913174                 1.0476942     0.021942957      0.98233643       1.0259056       1208.7201      -30.849897       -30.849897       1208.7201                                766.39114                 26.132407                 397.82795                        18.368607
              1       573.17155               0.029913174                 1.0476942     0.021942957      0.98233643       1.0255495       1208.0429      -30.849897       -30.849897       1208.0429                                765.40986                 26.196206                 397.84712                        18.589709
              2       573.11064               0.029913174                 1.0476942     0.021942957      0.98233643       1.0247933       1207.9211      -30.849897       -30.849897       1207.9211                                764.65306                 26.332906                 397.85306                        19.082047
              2       573.47052               0.029911469                 1.0485698     0.021922232      0.98232726       1.0247211       1208.6408      -30.849897       -30.849897       1208.6408                                765.20145                 26.345831                 397.84204                        19.251517
              1       573.22626               0.029911469                 1.0485698     0.021922232      0.98232726       1.0252731       1208.1523      -30.849897       -30.849897       1208.1523                                765.18269                 26.245746                 397.84179                        18.882088
              3       573.33498               0.030234016                 1.0491689     0.021949972      0.98226641       1.0252731       1208.3698      -30.849897       -30.849897       1208.3698                                765.47135                 26.264721                 397.84204                        18.791648
              2       574.78994               0.030234016                 1.0491689     0.021949972      0.98226641       1.0238177       1211.2797      -30.849897       -30.849897       1211.2797                                767.11609                  26.53086                 397.83261                        19.800116
              1        575.0218               0.030234016                 1.0491689     0.021949972      0.98226641       1.0237155       1211.7434      -30.849897       -30.849897       1211.7434                                767.48561                 26.549787                 397.83261                        19.875375
              1       574.81489               0.030234016                 1.0491689     0.021949972      0.98226641       1.0238064       1211.3296      -30.849897       -30.849897       1211.3296                                767.15554                 26.532964                 397.83261                         19.80846
              1       574.70571               0.030234016                 1.0491689     0.021949972      0.98226641       1.0238569       1211.1112      -30.849897       -30.849897       1211.1112                                766.98351                 26.523623                 397.83261                        19.771462
              1       573.83734               0.030234016                 1.0491689     0.021949972      0.98226641        1.025951       1209.3745      -30.849897       -30.849897       1209.3745                                766.99477                 26.142853                 397.87538                        18.361468
              2       573.25548               0.030246894                 1.0491565     0.021964286      0.98241135       1.0252572       1208.2108      -30.849897       -30.849897       1208.2108                                765.30619                 26.233021                 397.86942                        18.802124
              1       573.23333               0.030221264                 1.0489779     0.021957228       0.9824795       1.0251079       1208.1665      -30.849897       -30.849897       1208.1665                                765.14779                 26.241534                 397.86942                        18.907722
              1       573.23256               0.030221264                 1.0489779     0.021957228       0.9824795       1.0251191       1208.1649      -30.849897       -30.849897       1208.1649                                765.15567                 26.239515                 397.86942                        18.900322
              1       573.09997               0.030111309                 1.0489441     0.021952725       0.9823082       1.0251191       1207.8997      -30.849897       -30.849897       1207.8997                                764.86567                 26.283772                 397.83131                        18.918969
              1       574.03272               0.030111309                 1.0489441     0.021952725       0.9823082       1.0241047       1209.7652      -30.849897       -30.849897       1209.7652                                765.84248                 26.468946                 397.83402                        19.619795
              1       573.16952               0.030111309                 1.0489441     0.021952725       0.9823082       1.0254308       1208.0388      -30.849897       -30.849897       1208.0388                                765.22075                 26.227475                 397.87563                        18.714975
              5       573.56897               0.030333178                 1.0497498     0.022006926      0.98198363       1.0254308       1208.8377      -30.849897       -30.849897       1208.8377                                766.04002                  26.31725                 397.86762                        18.612849
              1       573.61912                0.03033611                  1.049775     0.022009065       0.9819561       1.0254308        1208.938      -30.849897       -30.849897        1208.938                                766.12945                 26.325024                 397.86762                        18.615953
              1       573.89886                0.03033611                  1.049775     0.022009065       0.9819561       1.0257498       1209.4975      -30.849897       -30.849897       1209.4975                                766.94658                 26.267213                 397.87309                        18.410633
              1       573.61364               0.030289809                 1.0497919     0.022004709      0.98192409       1.0246294       1208.9271      -30.849897       -30.849897       1208.9271                                765.44616                 26.479712                 397.83226                        19.168932
              1       573.48378               0.030289809                 1.0497919     0.022004709      0.98192409       1.0249515       1208.6674      -30.849897       -30.849897       1208.6674                                765.43138                  26.42054                 397.86804                        18.947388
              4       573.80416               0.030289809                 1.0497919     0.022004709      0.98192409       1.0257172       1209.3081      -30.849897       -30.849897       1209.3081                                766.71329                 26.281095                 397.87026                        18.443474
              2       573.52459               0.030289809                 1.0497919     0.022004709      0.98192409       1.0247804        1208.749      -30.849897       -30.849897        1208.749                                765.39827                 26.451925                 397.83445                        19.064324
              1       573.24652               0.029911077                 1.0483191     0.021982978      0.98236066        1.024653       1208.1928      -30.849897       -30.849897       1208.1928                                764.77748                 26.357151                 397.85111                        19.207086
              1       573.47348               0.029911077                 1.0483191     0.021982978      0.98236066       1.0244098       1208.6468      -30.849897       -30.849897       1208.6468                                765.01771                 26.401543                 397.85111                        19.376402
              1       573.09394               0.029911077                 1.0483191     0.021982978      0.98236066       1.0252438       1207.8877      -30.849897       -30.849897       1207.8877                                764.97541                     26.25                 397.85306                        18.809203
              1       573.57966               0.030016707                 1.0483292     0.021930851       0.9823558       1.0244205       1208.8591      -30.849897       -30.849897       1208.8591                                765.23236                 26.394899                 397.84204                        19.389818
              4       573.17928               0.030016707                 1.0483292     0.021930851       0.9823558       1.0254899       1208.0584      -30.849897       -30.849897       1208.0584                                765.32705                 26.200994                 397.85306                         18.67725
              1       573.88021               0.030016707                 1.0483292     0.021930851       0.9823558       1.0242081       1209.4602      -30.849897       -30.849897       1209.4602                                765.64565                 26.433784                 397.84204                        19.538737
              1       573.95709               0.030160051                 1.0489474     0.021940555      0.98232144       1.0242081        1209.614      -30.849897       -30.849897        1209.614                                765.79317                 26.444349                 397.83402                         19.54244
              1       573.19102               0.030160051                 1.0489474     0.021940555      0.98232144       1.0250769       1208.0818      -30.849897       -30.849897       1208.0818                                765.00814                 26.285917                 397.84204                        18.945738
              2       573.16872               0.030432206                 1.0487109     0.021935927      0.98226269       1.0250769       1208.0372      -30.849897       -30.849897       1208.0372                                765.06518                 26.300805                 397.84204                        18.829205
              1       573.47618               0.030432206                 1.0487109     0.021935927      0.98226269       1.0256789       1208.6522      -30.849897       -30.849897       1208.6522                                766.13819                 26.192132                 397.87538                        18.446452
              1        573.6031               0.030432206                 1.0487109     0.021935927      0.98226269       1.0243412        1208.906      -30.849897       -30.849897        1208.906                                765.31099                 26.435012                 397.83622                        19.323777
              2       573.16912               0.030432206                 1.0487109     0.021935927      0.98226269       1.0250997        1208.038      -30.849897       -30.849897        1208.038                                765.08497                 26.296671                 397.84204                        18.814349
              1       574.88806               0.030432206                 1.0487109     0.021935927      0.98226269       1.0265408       1211.4759      -30.849897       -30.849897       1211.4759                                769.65758                   26.0385                 397.84712                        17.932712
              1       575.05615               0.030203867                  1.047626     0.021961859      0.98181722       1.0265408       1211.8121      -30.849897       -30.849897       1211.8121                                770.02072                 26.154189                 397.82795                        17.809228
              2       574.72964               0.029743604                 1.0469858     0.021946636      0.98235434       1.0265408       1211.1591      -30.849897       -30.849897       1211.1591                                769.35738                 26.015586                 397.80988                        17.976222
              1       573.70748               0.029164758                 1.0481707     0.022040995      0.98247888        1.025257       1209.1148      -30.849897       -30.849897       1209.1148                                766.09809                 26.226752                 397.80159                        18.988319
              2       574.18982               0.029164758                 1.0481707     0.022040995      0.98247888       1.0244839       1210.0794      -30.849897       -30.849897       1210.0794                                766.32829                  26.36681                 397.85352                        19.530822
              1       575.08797               0.029164758                 1.0481707     0.022040995      0.98247888       1.0265334       1211.8757      -30.849897       -30.849897       1211.8757                                769.84687                 25.999367                  397.8655                        18.163992
              2       574.18115               0.029164758                 1.0481707     0.022040995      0.98247888       1.0244911       1210.0621      -30.849897       -30.849897       1210.0621                                766.31743                 26.365504                 397.85352                         19.52564
              3       573.81436               0.029164758                 1.0481707     0.022040995      0.98247888       1.0255934       1209.3285      -30.849897       -30.849897       1209.3285                                766.58866                 26.166315                 397.81111                        18.762425
              1       574.01138               0.029164758                 1.0481707     0.022040995      0.98247888       1.0246489       1209.7226      -30.849897       -30.849897       1209.7226                                766.11997                 26.336778                 397.85352                        19.412287
              1       573.80017               0.029164758                 1.0481707     0.022040995      0.98247888       1.0255678       1209.3001      -30.849897       -30.849897       1209.3001                                766.53869                 26.170909                 397.81111                        18.779424
              1       573.86145               0.029164758                 1.0481707     0.022040995      0.98247888       1.0248304       1209.4227      -30.849897       -30.849897       1209.4227                                765.99071                  26.30383                 397.84454                        19.283616
              1       574.41972               0.029225525                 1.0485897     0.022024886      0.98236071       1.0242161       1210.5392      -30.849897       -30.849897       1210.5392                                766.48726                 26.443384                 397.85111                        19.757488
              1       574.24046               0.029105022                 1.0482148     0.022003481       0.9822582       1.0242161       1210.1807      -30.849897       -30.849897       1210.1807                                766.10577                 26.467238                 397.85111                        19.756595
              2       574.77799               0.028709469                 1.0484797     0.022029892      0.98192952       1.0242161       1211.2558      -30.849897       -30.849897       1211.2558                                766.97316                 26.558045                 397.84573                        19.878826
              3       573.74944               0.028709469                 1.0484797     0.022029892      0.98192952       1.0257422       1209.1987      -30.849897       -30.849897       1209.1987                                766.27622                 26.278566                 397.85086                        18.793026
              1       573.82684               0.028895584                 1.0488982     0.022036742      0.98194251       1.0257422       1209.3535      -30.849897       -30.849897       1209.3535                                766.45788                 26.276028                 397.85086                        18.768703
              1       573.60252               0.029322559                 1.0482235     0.022019005      0.98219435       1.0257422       1208.9048      -30.849897       -30.849897       1208.9048                                766.25785                 26.208273                 397.82641                        18.612296
              1       577.43862               0.029322559                 1.0482235     0.022019005      0.98219435       1.0274597        1216.577      -30.849897       -30.849897        1216.577                                775.26842                 25.903997                 397.82673                        17.577876
              1       577.82403               0.029262658                 1.0483833     0.022042237      0.98209193       1.0274597       1217.3479      -30.849897       -30.849897       1217.3479                                775.98781                 25.933353                 397.86528                        17.561417
              1       574.30067               0.029262658                 1.0483833     0.022042237      0.98209193       1.0243069       1210.3011      -30.849897       -30.849897       1210.3011                                766.35394                 26.500198                 397.84891                         19.59808
              2       574.63563               0.029010623                  1.046654     0.022057063      0.98190084       1.0243069       1210.9711      -30.849897       -30.849897       1210.9711                                767.13996                 26.553149                 397.83307                        19.444873
              1       575.56977               0.029070197                 1.0466617     0.022051006      0.98198833       1.0263466       1212.8393      -30.849897       -30.849897       1212.8393                                770.73068                 26.158062                 397.85858                        18.092009
              1       575.49074                0.02898581                 1.0466575     0.022050269      0.98204078       1.0263466       1212.6813      -30.849897       -30.849897       1212.6813                                770.56681                 26.144775                 397.84971                        18.119972
              1       574.17439                0.02898581                 1.0466575     0.022050269      0.98204078        1.024782       1210.0486      -30.849897       -30.849897       1210.0486                                766.67009                 26.428007                 397.81111                        19.139375
              1       574.24311                0.02898581                 1.0466575     0.022050269      0.98204078       1.0254011        1210.186      -30.849897       -30.849897        1210.186                                767.28995                 26.315092                 397.86093                        18.720045
              1       574.21334               0.028982561                 1.0466426     0.022048806       0.9820332       1.0254011       1210.1265      -30.849897       -30.849897       1210.1265                                 767.2341                 26.316171                 397.85824                        18.717962
              1       576.04419               0.029620193                 1.0457356     0.022096185       0.9819866       1.0254011       1213.7882      -30.849897       -30.849897       1213.7882                                 771.2374                  26.33562                 397.85443                        18.360716
              1       576.78308               0.029620193                 1.0457356     0.022096185       0.9819866       1.0233779        1215.266      -30.849897       -30.849897        1215.266                                770.95472                 26.709206                 397.84541                        19.756623
              3       575.66165               0.029620193                 1.0457356     0.022096185       0.9819866       1.0242465       1213.0231      -30.849897       -30.849897       1213.0231                                769.48492                 26.547416                 397.86093                        19.129831
              1        575.6848               0.029620193                 1.0457356     0.022096185       0.9819866       1.0250192       1213.0694      -30.849897       -30.849897       1213.0694                                770.19186                 26.405241                 397.86528                        18.607014
              1       576.42749               0.029635301                 1.0456111     0.022095389      0.98198985       1.0256149       1214.5548      -30.849897       -30.849897       1214.5548                                772.19451                 26.296088                 397.84556                         18.21861
              2        575.9164               0.029635301                 1.0456111     0.022095389      0.98198985       1.0252222       1213.5326      -30.849897       -30.849897       1213.5326                                770.84365                 26.367444                 397.85443                        18.467073
              1       573.63047                0.03015947                 1.0466382     0.022021426      0.98209785       1.0252222       1208.9607      -30.849897       -30.849897       1208.9607                                 766.3292                 26.327734                 397.81222                        18.491584
              2       573.82431                0.03015947                 1.0466382     0.022021426      0.98209785       1.0254193       1209.3484      -30.849897       -30.849897       1209.3484                                766.87663                 26.291968                 397.81222                        18.367588
              2       573.98412               0.030157544                 1.0468819     0.022037357      0.98216393       1.0254193        1209.668      -30.849897       -30.849897        1209.668                                767.19136                 26.276941                 397.81349                        18.386252
              1       574.14004               0.030157544                 1.0468819     0.022037357      0.98216393       1.0238913       1209.9799      -30.849897       -30.849897       1209.9799                                766.16128                  26.55669                 397.85352                        19.408376
              1       574.50629               0.029453369                 1.0471373     0.022017301      0.98233911       1.0238913       1210.7124      -30.849897       -30.849897       1210.7124                                766.60286                 26.508182                 397.85352                        19.747816
              1       573.40635               0.029453369                 1.0471373     0.022017301      0.98233911       1.0250224       1208.5125      -30.849897       -30.849897       1208.5125                                765.44768                 26.301284                 397.81111                        18.952418
              1       573.82869               0.029443128                 1.0478712     0.022022033      0.98208469       1.0243524       1209.3572      -30.849897       -30.849897       1209.3572                                765.56124                 26.490161                 397.85111                        19.454675
              1       573.95695               0.029444228                 1.0479586     0.022031458      0.98216518       1.0243524       1209.6137      -30.849897       -30.849897       1209.6137                                765.81193                  26.47146                 397.85111                        19.479184
              1        573.5423               0.029444228                 1.0479586     0.022031458      0.98216518       1.0253638       1208.7844      -30.849897       -30.849897       1208.7844                                765.89152                 26.286854                 397.82641                        18.779598
              1       573.18404               0.029762604                 1.0469703     0.021987557      0.98214983       1.0253638       1208.0679      -30.849897       -30.849897       1208.0679                                765.36746                 26.283878                 397.80932                        18.607209
              1       573.12658               0.029762604                 1.0469703     0.021987557      0.98214983       1.0252526       1207.9529      -30.849897       -30.849897       1207.9529                                765.15296                  26.30404                  397.8173                        18.678649
              1        573.0714               0.029762604                 1.0469703     0.021987557      0.98214983       1.0249131       1207.8426      -30.849897       -30.849897       1207.8426                                 764.7401                 26.365773                 397.83593                        18.900785
              5       573.51864               0.029577276                 1.0462818     0.022011881      0.98243146       1.0249131       1208.7371      -30.849897       -30.849897       1208.7371                                765.71502                 26.296446                 397.82074                        18.904851
              1       573.47476               0.029725056                 1.0460152     0.022003433      0.98225034       1.0249131       1208.6493      -30.849897       -30.849897       1208.6493                                 765.6749                 26.341802                 397.81948                         18.81314
              1       573.48813               0.029725056                 1.0460152     0.022003433      0.98225034        1.024674       1208.6761      -30.849897       -30.849897       1208.6761                                765.50468                 26.385392                 397.81443                        18.971551
              1       573.29231               0.029870645                 1.0454242     0.021952476      0.98196846        1.024674       1208.2844      -30.849897       -30.849897       1208.2844                                 765.1366                 26.452061                 397.82077                        18.874978
              2       573.79993               0.029373385                 1.0450925     0.021985311      0.98129191       1.0242801       1209.2997      -30.849897       -30.849897       1209.2997                                765.59948                 26.709132                 397.84225                        19.148794
              1       573.66437               0.029373385                 1.0450925     0.021985311      0.98129191       1.0251104       1209.0285      -30.849897       -30.849897       1209.0285                                766.05861                 26.554278                 397.81841                        18.597244
              2       574.38024               0.029373385                 1.0450925     0.021985311      0.98129191       1.0238025       1210.4603      -30.849897       -30.849897       1210.4603                                 766.3271                 26.799214                 397.85086                          19.4831
              1       574.94428               0.029373385                 1.0450925     0.021985311      0.98129191       1.0234964       1211.5884      -30.849897       -30.849897       1211.5884                                767.17615                 26.857371                 397.85086                        19.703985
              3       575.90424               0.028984158                 1.0456321     0.021908501      0.98216552       1.0234964       1213.5083      -30.849897       -30.849897       1213.5083                                768.96936                 26.609998                 397.81514                        20.113782
              1       575.22745               0.029481398                 1.0458752     0.021918714      0.98202141       1.0234964       1212.1547      -30.849897       -30.849897       1212.1547                                767.74951                 26.650787                 397.83106                         19.92334
              1       574.33285               0.029481398                 1.0458752     0.021918714      0.98202141        1.023908       1210.3655      -30.849897       -30.849897       1210.3655                                766.30531                 26.574161                 397.85946                        19.626572
