#        weight    minuslogpost deu_damping_envelope_beta deu_transfer_polamp_p_vis         omega_b             n_s        A_planck       chi2__CMB   minuslogprior minuslogprior__0            chi2 chi2__planck_2018_highl_plik.TTTEEE_lite chi2__planck_2018_lowl.TT chi2__planck_2018_lowl.EE chi2__planck_2018_lensing.native
              2       573.74188               0.030295622                 1.0482959     0.021939253      0.98228023       1.0242052       1209.1836      -30.849897       -30.849897       1209.1836                                765.45743                 26.454658                 397.85563                        19.415839
              1       573.93233               0.030295622                 1.0482959     0.021939253      0.98228023       1.0240746       1209.5644      -30.849897       -30.849897       1209.5644                                765.73281                 26.478696                 397.84527                        19.507674
              2       573.29787               0.030295622                 1.0482959     0.021939253      0.98228023       1.0255056       1208.2955      -30.849897       -30.849897       1208.2955                                765.67164                 26.218104                 397.85306                        18.552734
              1       573.17961               0.030464111                 1.0483693     0.021942126      0.98228562       1.0251995        1208.059      -30.849897       -30.849897        1208.059                                765.21446                 26.272503                 397.87538                        18.696684
              1       573.04994               0.030468793                  1.047855     0.021969008      0.98245746       1.0251995       1207.7997      -30.849897       -30.849897       1207.7997                                765.08074                  26.23267                 397.84712                        18.639136
              6         573.347               0.030468793                  1.047855     0.021969008      0.98245746       1.0255859       1208.3938      -30.849897       -30.849897       1208.3938                                765.99769                 26.163249                 397.83593                        18.396922
              2       573.39455               0.030468793                  1.047855     0.021969008      0.98245746       1.0256281       1208.4889      -30.849897       -30.849897       1208.4889                                766.12631                 26.155695                 397.83593                        18.370957
              1       573.13173                0.03011746                 1.0479397     0.021962629      0.98243236       1.0256281       1207.9632      -30.849897       -30.849897       1207.9632                                765.46953                 26.162713                 397.83593                        18.495075
              1       575.00516                0.03011746                 1.0479397     0.021962629      0.98243236       1.0234298       1211.7101      -30.849897       -30.849897       1211.7101                                767.26438                 26.563394                  397.8815                        20.000829
              1       574.94045               0.030004666                  1.047562     0.022009308      0.98215108       1.0234298       1211.5807      -30.849897       -30.849897       1211.5807                                767.16606                 26.642212                  397.8625                        19.909927
              2       573.42616                0.03006298                 1.0472895      0.02202034      0.98240223       1.0244842       1208.5521      -30.849897       -30.849897       1208.5521                                765.21632                 26.383267                 397.82641                        19.126114
              2       573.53634               0.030037806                 1.0476252     0.022029843      0.98245735       1.0244842       1208.7725      -30.849897       -30.849897       1208.7725                                765.38749                 26.370151                 397.83528                        19.179551
              1       573.41556               0.030037806                 1.0476252     0.022029843      0.98245735       1.0247119       1208.5309      -30.849897       -30.849897       1208.5309                                765.37094                 26.328695                 397.80778                        19.023496
              1       573.68192               0.030037806                 1.0476252     0.022029843      0.98245735       1.0254942       1209.0636      -30.849897       -30.849897       1209.0636                                  766.564                 26.187417                  397.8031                        18.509106
              1       573.73174               0.030037806                 1.0476252     0.022029843      0.98245735        1.024262       1209.1633      -30.849897       -30.849897       1209.1633                                765.56231                 26.410732                 397.85573                        19.334507
              2       573.39197               0.030037806                 1.0476252     0.022029843      0.98245735        1.024902       1208.4837      -30.849897       -30.849897       1208.4837                                765.48293                 26.294223                 397.81111                         18.89548
              2       573.56453               0.029753499                 1.0477904     0.022040121      0.98232899        1.024902       1208.8288      -30.849897       -30.849897       1208.8288                                765.70523                 26.328703                 397.82641                        18.968499
              1       573.68654               0.029566862                 1.0469937     0.022036182      0.98245443        1.024902       1209.0729      -30.849897       -30.849897       1209.0729                                 765.9969                 26.295916                 397.81222                         18.96783
              3       573.73875               0.029614882                 1.0468648     0.022039185      0.98233063       1.0248961       1209.1773      -30.849897       -30.849897       1209.1773                                 766.1221                  26.32949                  397.8031                        18.922605
              1       574.62618               0.029614882                 1.0468648     0.022039185      0.98233063       1.0238703       1210.9522      -30.849897       -30.849897       1210.9522                                766.95817                 26.517404                 397.83528                        19.641295
              2       575.13074               0.029729059                 1.0472573     0.022079945      0.98195061       1.0238703       1211.9613      -30.849897       -30.849897       1211.9613                                767.92939                 26.624673                 397.85111                        19.556099
              1       574.06072               0.029342499                 1.0476972     0.022063514      0.98177182       1.0251913       1209.8212      -30.849897       -30.849897       1209.8212                                766.73891                 26.424934                 397.85352                        18.803863
              1       573.61588                0.02972169                 1.0480863     0.022041696       0.9818666       1.0251913       1208.9316      -30.849897       -30.849897       1208.9316                                765.92916                 26.396965                 397.85086                        18.754578
              2        573.7991                0.02972169                 1.0480863     0.022041696       0.9818666       1.0244477        1209.298      -30.849897       -30.849897        1209.298                                765.65009                 26.533709                 397.84891                        19.265279
              2       573.60067                0.02972169                 1.0480863     0.022041696       0.9818666       1.0248039       1208.9011      -30.849897       -30.849897       1208.9011                                765.56518                  26.46801                 397.85111                        19.016832
              1       574.34244                0.02972169                 1.0480863     0.022041696       0.9818666       1.0239981       1210.3847      -30.849897       -30.849897       1210.3847                                766.33308                 26.617107                 397.84573                        19.588754
              1       573.68202                0.02972169                 1.0480863     0.022041696       0.9818666       1.0246112       1209.0638      -30.849897       -30.849897       1209.0638                                765.56109                 26.503502                 397.84891                        19.150336
              1       574.47993               0.030103741                  1.048648     0.022091864      0.98210555       1.0246112       1210.6597      -30.849897       -30.849897       1210.6597                                767.30574                 26.448664                 397.85111                        19.054136
              1       574.28398               0.030400517                 1.0493296     0.022064865      0.98179733       1.0241988       1210.2678      -30.849897       -30.849897       1210.2678                                766.49278                 26.602161                 397.85964                        19.313171
              1       574.83053               0.030400517                 1.0493296     0.022064865      0.98179733       1.0238021       1211.3609      -30.849897       -30.849897       1211.3609                                767.20745                 26.676129                  397.8754                        19.601873
              1       573.96727               0.030400517                 1.0493296     0.022064865      0.98179733       1.0246699       1209.6343      -30.849897       -30.849897       1209.6343                                766.29431                 26.514908                 397.84352                        18.981597
              3       574.02972               0.030400517                 1.0493296     0.022064865      0.98179733       1.0245119       1209.7592      -30.849897       -30.849897       1209.7592                                766.28236                 26.544103                 397.84133                        19.091446
              2       576.48206               0.030409488                 1.0494238     0.022079157      0.98228134       1.0231858       1214.6639      -30.849897       -30.849897       1214.6639                                770.00913                 26.663325                 397.86919                        20.122274
              2       575.45348               0.030050841                 1.0492559     0.022052658      0.98237441       1.0235917       1212.6068      -30.849897       -30.849897       1212.6068                                768.22471                 26.560127                 397.84616                         19.97576
              1       575.06324               0.030050841                 1.0492559     0.022052658      0.98237441       1.0263125       1211.8263      -30.849897       -30.849897       1211.8263                                769.84719                 26.066631                 397.80159                        18.110867
              3       573.60868               0.030319327                  1.048592     0.022030135      0.98246824       1.0243668       1208.9172      -30.849897       -30.849897       1208.9172                                 765.4048                 26.388753                 397.85111                        19.272501
              1        573.3987               0.030319327                  1.048592     0.022030135      0.98246824       1.0251109       1208.4972      -30.849897       -30.849897       1208.4972                                765.62383                 26.253634                 397.85352                        18.766199
              1       573.58857               0.030319327                  1.048592     0.022030135      0.98246824         1.02439       1208.8769      -30.849897       -30.849897       1208.8769                                765.38508                 26.384511                 397.85111                        19.256237
              1       573.47326               0.030319327                  1.048592     0.022030135      0.98246824        1.025275       1208.6463      -30.849897       -30.849897       1208.6463                                765.90793                 26.224042                 397.85573                        18.658614
              3       573.48151               0.030309734                 1.0486766     0.022029279      0.98243966        1.025275       1208.6628      -30.849897       -30.849897       1208.6628                                765.91049                 26.231551                 397.85352                        18.667238
              2       573.48516               0.030262287                  1.048667     0.022031239      0.98244258        1.025275       1208.6701      -30.849897       -30.849897       1208.6701                                 765.9207                 26.229765                 397.85352                        18.666124
              1         575.929                0.02990901                 1.0488583     0.022055508      0.98223561       1.0233854       1213.5578      -30.849897       -30.849897       1213.5578                                 768.9566                 26.635844                 397.84616                        20.119193
              1       575.75555               0.030273476                 1.0493414     0.022062813      0.98181082       1.0233854       1213.2109      -30.849897       -30.849897       1213.2109                                768.62117                   26.7501                  397.8754                        19.964216
              1       573.94168               0.030273476                 1.0493414     0.022062813      0.98181082       1.0250702       1209.5832      -30.849897       -30.849897       1209.5832                                766.54638                 26.437027                 397.84573                        18.754016
              1       573.95033               0.030217544                 1.0498236     0.022051041      0.98187968       1.0253422       1209.6005      -30.849897       -30.849897       1209.6005                                 766.7306                 26.367445                 397.84573                        18.656669
              1       574.49074               0.030217544                 1.0498236     0.022051041      0.98187968       1.0258842       1210.6813      -30.849897       -30.849897       1210.6813                                768.25219                 26.269059                 397.85478                        18.305246
              2       574.07515               0.030217544                 1.0498236     0.022051041      0.98187968       1.0244866       1209.8501      -30.849897       -30.849897       1209.8501                                 766.2156                 26.524503                 397.86585                        19.244145
              1       574.31516               0.030223052                 1.0498892     0.022027653      0.98158774       1.0241372       1210.3301      -30.849897       -30.849897       1210.3301                                766.33799                 26.662893                 397.83701                        19.492228
              2       573.68288               0.030223052                 1.0498892     0.022027653      0.98158774       1.0249328       1209.0656      -30.849897       -30.849897       1209.0656                                765.78806                 26.515108                 397.83226                        18.930135
              1       573.57805               0.029686307                 1.0498871     0.022011262      0.98219623       1.0254344       1208.8559      -30.849897       -30.849897       1208.8559                                765.87108                 26.262907                 397.85478                        18.867116
              1       573.80346               0.029870386                 1.0484207     0.022015555      0.98236892       1.0259147       1209.3067      -30.849897       -30.849897       1209.3067                                766.99088                 26.132321                  397.8173                         18.36621
              3       573.81583               0.029870386                 1.0484207     0.022015555      0.98236892       1.0259237       1209.3315      -30.849897       -30.849897       1209.3315                                767.02288                 26.130707                  397.8173                         18.36056
              1       573.51911               0.029363697                 1.0481164     0.021994519      0.98217339       1.0259237        1208.738      -30.849897       -30.849897        1208.738                                766.23895                 26.177686                 397.83593                        18.485435
              2       574.04198               0.029310732                 1.0483739     0.022035423      0.98177044       1.0259237       1209.7837      -30.849897       -30.849897       1209.7837                                767.19823                 26.287796                 397.85086                        18.446862
              1       573.72561               0.029310732                 1.0483739     0.022035423      0.98177044       1.0247098        1209.151      -30.849897       -30.849897        1209.151                                765.51299                 26.509746                  397.8625                        19.265777
              2        574.0827               0.029439944                 1.0469563     0.022057421      0.98175036       1.0247098       1209.8652      -30.849897       -30.849897       1209.8652                                766.48258                  26.51828                 397.84234                        19.021995
              2       574.60941               0.029797188                  1.045863     0.022065087      0.98204029       1.0247098       1210.9186      -30.849897       -30.849897       1210.9186                                767.80142                  26.44365                 397.86093                        18.812601
              1       574.56243               0.029539031                 1.0458286     0.022058666      0.98234285       1.0247098       1210.8247      -30.849897       -30.849897       1210.8247                                767.65842                 26.363966                 397.86528                        18.936984
              1       574.96018               0.029539031                 1.0458286     0.022058666      0.98234285       1.0254864       1211.6202      -30.849897       -30.849897       1211.6202                                769.12302                 26.223317                 397.84354                        18.430283
              2       575.81436               0.029144215                 1.0453246     0.022076212      0.98240828       1.0254864       1213.3285      -30.849897       -30.849897       1213.3285                                770.77956                 26.208148                 397.84124                        18.499557
              1       575.32545               0.029069056                 1.0452764     0.022063591      0.98220036       1.0243597       1212.3507      -30.849897       -30.849897       1212.3507                                 768.7583                 26.465347                 397.86528                        19.261756
              1       575.33232               0.029076439                 1.0452604     0.022064335       0.9821941       1.0243283       1212.3644      -30.849897       -30.849897       1212.3644                                768.75733                 26.472548                 397.86528                        19.269273
              2       575.25994               0.029076439                 1.0452604     0.022064335       0.9821941       1.0252412       1212.2197      -30.849897       -30.849897       1212.2197                                 769.4187                  26.30582                 397.84354                        18.651619
              1       575.22218               0.029074415                 1.0453245     0.022064001      0.98222267       1.0252412       1212.1442      -30.849897       -30.849897       1212.1442                                769.33795                 26.298563                 397.84354                        18.664098
              1       574.86188               0.028585585                 1.0453084     0.022045673      0.98217562       1.0252412       1211.4236      -30.849897       -30.849897       1211.4236                                768.42483                 26.307913                 397.84971                        18.841103
              1       573.47177               0.028831574                 1.0460188     0.021989964      0.98172933       1.0252412       1208.6433      -30.849897       -30.849897       1208.6433                                765.56434                 26.416073                 397.81841                        18.844514
              2       574.73865                0.02861546                 1.0466713     0.021991155      0.98134936       1.0239021       1211.1771      -30.849897       -30.849897       1211.1771                                766.64458                 26.765784                 397.88438                         19.88236
              1       573.30301               0.028995462                  1.047432     0.021970556      0.98145336       1.0246877       1208.3058      -30.849897       -30.849897       1208.3058                                764.59694                 26.588478                 397.82648                        19.293926
              1       573.84881               0.028762213                 1.0480406     0.022004133      0.98185783       1.0245621       1209.3974      -30.849897       -30.849897       1209.3974                                765.48245                 26.508732                 397.84891                        19.557332
              1       573.42542               0.028762213                 1.0480406     0.022004133      0.98185783       1.0250122       1208.5506      -30.849897       -30.849897       1208.5506                                765.03722                 26.425924                 397.85111                        19.236384
              1       573.44278               0.028762213                 1.0480406     0.022004133      0.98185783       1.0257604       1208.5854      -30.849897       -30.849897       1208.5854                                765.71741                 26.289588                 397.85086                        18.727504
              3       573.61335               0.028762213                 1.0480406     0.022004133      0.98185783       1.0247698       1208.9265      -30.849897       -30.849897       1208.9265                                765.19704                 26.470461                 397.85111                        19.407876
              1         573.746               0.028535561                 1.0479501     0.022003186      0.98188589       1.0247698       1209.1918      -30.849897       -30.849897       1209.1918                                765.39281                 26.463251                 397.85111                        19.484626
              1       573.23118               0.028818539                 1.0468548     0.021957945      0.98182457       1.0247698       1208.1622      -30.849897       -30.849897       1208.1622                                764.53281                 26.474929                 397.85086                        19.303556
              1       573.16111               0.028818539                 1.0468548     0.021957945      0.98182457       1.0248582        1208.022      -30.849897       -30.849897        1208.022                                764.47025                 26.458658                 397.85086                        19.242254
              1       573.32445               0.028818539                 1.0468548     0.021957945      0.98182457       1.0246709       1208.3487      -30.849897       -30.849897       1208.3487                                764.63213                 26.493139                 397.85086                        19.372573
              1       574.51624               0.028828964                 1.0468727     0.021949097       0.9818336       1.0266659       1210.7323      -30.849897       -30.849897       1210.7323                                 768.6952                 26.125749                 397.82276                        18.088567
              1       574.59034               0.029340155                 1.0479233     0.021962606      0.98204845       1.0266659       1210.8805      -30.849897       -30.849897       1210.8805                                 768.9431                 26.074019                 397.81841                        18.044942
              2       576.96647               0.029340155                 1.0479233     0.021962606      0.98204845       1.0230734       1215.6327      -30.849897       -30.849897       1215.6327                                770.55035                 26.730875                 397.83445                        20.517076
              1       573.06233               0.029340155                 1.0479233     0.021962606      0.98204845       1.0251665       1207.8245      -30.849897       -30.849897       1207.8245                                 764.6392                 26.343618                 397.85086                        18.990779
              2        573.0408               0.030050802                 1.0484762     0.021943163      0.98201147       1.0251665       1207.7814      -30.849897       -30.849897       1207.7814                                764.76001                 26.350673                 397.84204                         18.82867
              1       574.01273               0.029743506                 1.0495824      0.02190824      0.98207708       1.0251665       1209.7253      -30.849897       -30.849897       1209.7253                                 766.4504                 26.325938                 397.85139                        19.097539
              1       574.27758               0.029743506                 1.0495824      0.02190824      0.98207708       1.0261085        1210.255      -30.849897       -30.849897        1210.255                                767.77518                 26.155986                 397.83756                        18.486216
              1       573.92772               0.029904758                 1.0498867     0.021935629      0.98214708       1.0258564       1209.5552      -30.849897       -30.849897       1209.5552                                766.92344                 26.188876                 397.84527                        18.597647
              1       574.28411               0.029904758                 1.0498867     0.021935629      0.98214708       1.0245859        1210.268      -30.849897       -30.849897        1210.268                                766.55109                 26.419351                 397.84525                        19.452313
              1       574.17056               0.029904758                 1.0498867     0.021935629      0.98214708       1.0246726       1210.0409      -30.849897       -30.849897       1210.0409                                 766.4137                 26.403463                 397.83261                        19.391137
              1       573.90057               0.029904758                 1.0498867     0.021935629      0.98214708       1.0258182       1209.5009      -30.849897       -30.849897       1209.5009                                766.83787                 26.195737                 397.84527                        18.622059
              1       573.80552               0.029966787                 1.0498646     0.021936676      0.98220383       1.0256722       1209.3108      -30.849897       -30.849897       1209.3108                                766.56043                 26.207196                 397.84527                        18.697924
              2       573.74728               0.029966787                 1.0498646     0.021936676      0.98220383       1.0255309       1209.1944      -30.849897       -30.849897       1209.1944                                 766.3379                  26.23265                 397.83402                        18.789785
              1       573.53803               0.029755351                 1.0490621     0.021959081      0.98231542       1.0260066       1208.7758      -30.849897       -30.849897       1208.7758                                766.33256                 26.123408                 397.85086                        18.469022
              4        573.4514               0.029172295                  1.048754     0.021923201      0.98225638       1.0255454       1208.6026      -30.849897       -30.849897       1208.6026                                765.59612                 26.213804                 397.84179                        18.950881
              1       573.81156               0.029172295                  1.048754     0.021923201      0.98225638       1.0261885       1209.3229      -30.849897       -30.849897       1209.3229                                 766.8106                 26.098693                 397.87758                        18.536028
              1       573.48779               0.029172295                  1.048754     0.021923201      0.98225638       1.0257485       1208.6754      -30.849897       -30.849897       1208.6754                                765.83883                 26.177312                 397.84179                        18.817439
              3       573.66783               0.029172295                  1.048754     0.021923201      0.98225638       1.0260598       1209.0355      -30.849897       -30.849897       1209.0355                                766.46332                 26.121625                 397.83326                        18.617251
              1       573.64619                0.02918454                 1.0489592      0.02191827      0.98230441       1.0260598       1208.9922      -30.849897       -30.849897       1208.9922                                766.39734                 26.110165                 397.83326                        18.651409
              1       573.60397               0.028783856                 1.0496522     0.021972874      0.98222672       1.0256286       1208.9077      -30.849897       -30.849897       1208.9077                                765.74747                 26.214952                 397.87563                         19.06968
              2       573.80705                0.02875526                 1.0494746      0.02202701       0.9824902       1.0256286       1209.3139      -30.849897       -30.849897       1209.3139                                766.27147                 26.154585                 397.85352                        19.034315
              1       573.78432               0.028746267                 1.0493937     0.022027559      0.98246433       1.0256286       1209.2684      -30.849897       -30.849897       1209.2684                                766.23119                 26.161103                 397.85352                        19.022608
              1       575.33689               0.028746267                 1.0493937     0.022027559      0.98246433       1.0241635       1212.3736      -30.849897       -30.849897       1212.3736                                768.01587                 26.426498                 397.84573                        20.085472
              2       574.60796               0.028746267                 1.0493937     0.022027559      0.98246433        1.026581       1210.9157      -30.849897       -30.849897       1210.9157                                768.71159                 25.992051                  397.8173                        18.394769
              1       575.48416               0.028746267                 1.0493937     0.022027559      0.98246433       1.0270215       1212.6681      -30.849897       -30.849897       1212.6681                                770.82119                 25.914792                 397.81111                        18.121033
              2       575.68108               0.028746267                 1.0493937     0.022027559      0.98246433       1.0271048        1213.062      -30.849897       -30.849897        1213.062                                771.28812                 25.900247                 397.80313                        18.070464
              3       574.71649               0.028746267                 1.0493937     0.022027559      0.98246433       1.0244741       1211.1328      -30.849897       -30.849897       1211.1328                                767.06706                 26.369724                 397.84573                        19.850264
              1       574.23685               0.028705446                 1.0481323     0.022014738      0.98226782       1.0244741       1210.1735      -30.849897       -30.849897       1210.1735                                766.19835                 26.419096                 397.85111                        19.704938
              2        574.4183               0.028705446                 1.0481323     0.022014738      0.98226782       1.0243622       1210.5364      -30.849897       -30.849897       1210.5364                                766.45821                 26.439602                 397.85111                         19.78748
              1       575.58681               0.028571294                 1.0476605     0.022090034      0.98203849       1.0243622       1212.8734      -30.849897       -30.849897       1212.8734                                768.83636                 26.511468                 397.84733                         19.67825
              2       577.44458               0.028571294                 1.0476605     0.022090034      0.98203849       1.0234863       1216.5889      -30.849897       -30.849897       1216.5889                                771.70039                 26.674146                  397.8625                        20.351912
              3       574.99327               0.028571294                 1.0476605     0.022090034      0.98203849       1.0250982       1211.6863      -30.849897       -30.849897       1211.6863                                768.32065                 26.376435                 397.84414                        19.145102
              3       575.00214               0.028555504                 1.0477179     0.022090582      0.98210158       1.0250982       1211.7041      -30.849897       -30.849897       1211.7041                                768.33525                 26.359843                 397.84541                        19.163577
              2       574.74857               0.029562181                 1.0492829     0.022099926      0.98198947       1.0250982       1211.1969      -30.849897       -30.849897       1211.1969                                 767.9933                 26.390422                  397.8625                        18.950701
              2       574.41128                0.02950873                 1.0491295     0.022084374      0.98183608       1.0250982       1210.5223      -30.849897       -30.849897       1210.5223                                767.28447                 26.428178                 397.85478                        18.954914
              2       574.66181                0.02950873                 1.0491295     0.022084374      0.98183608       1.0256401       1211.0234      -30.849897       -30.849897       1211.0234                                768.25753                 26.329283                 397.84891                        18.587685
              2       574.59217               0.029480906                 1.0492359     0.022081684      0.98181111       1.0256401       1210.8841      -30.849897       -30.849897       1210.8841                                768.09809                  26.33529                 397.84891                        18.601843
              1       574.16414               0.029127094                 1.0487599     0.022061505       0.9819158       1.0256401       1210.0281      -30.849897       -30.849897       1210.0281                                767.15247                 26.306002                 397.85086                        18.718748
              3       574.26222               0.029111388                 1.0483961     0.022064719       0.9815112       1.0256401       1210.2242      -30.849897       -30.849897       1210.2242                                767.33387                 26.411744                 397.84891                        18.629713
              2       573.77998               0.029225542                 1.0471353     0.022021672      0.98095027       1.0256401       1209.2597      -30.849897       -30.849897       1209.2597                                766.43403                 26.552004                 397.84866                        18.425045
              1       573.87467               0.029160783                 1.0470864     0.022027852      0.98091709       1.0256401       1209.4491      -30.849897       -30.849897       1209.4491                                766.60714                 26.561663                 397.84866                        18.431674
              1       575.09708               0.029133006                 1.0470571     0.022030129      0.98098558       1.0263832        1211.894      -30.849897       -30.849897        1211.894                                769.69277                 26.407331                 397.82155                        17.972311
              1       576.43363               0.029456772                 1.0454169      0.02203139      0.98093719       1.0263832       1214.5671      -30.849897       -30.849897       1214.5671                                772.60615                 26.419776                 397.81436                        17.726759
              1       576.67137               0.029456772                 1.0454169      0.02203139      0.98093719       1.0264675       1215.0425      -30.849897       -30.849897       1215.0425                                773.14551                  26.40433                 397.81436                        17.678336
              1       574.41585               0.029456772                 1.0454169      0.02203139      0.98093719       1.0240145       1210.5315      -30.849897       -30.849897       1210.5315                                766.57641                 26.862096                 397.84866                        19.244335
              3       573.69815               0.029714557                 1.0455945     0.022015083      0.98111496        1.024519       1209.0961      -30.849897       -30.849897       1209.0961                                765.67765                 26.716298                  397.8416                        18.860538
              1       573.80962               0.029830535                 1.0454085     0.022009348      0.98113664       1.0242403        1209.319      -30.849897       -30.849897        1209.319                                765.70582                 26.762179                 397.85086                        19.000181
              3       574.90097               0.029830535                 1.0454085     0.022009348      0.98113664         1.02583       1211.5017      -30.849897       -30.849897       1211.5017                                769.22752                  26.46609                 397.82077                        17.987352
              1       574.27226               0.029658366                 1.0452665     0.021979424      0.98172288         1.02583       1210.2443      -30.849897       -30.849897       1210.2443                                767.98239                 26.309766                 397.80369                        18.148466
              1       574.60585                0.03017209                 1.0456801     0.021959812       0.9817987       1.0233184       1210.9115      -30.849897       -30.849897       1210.9115                                766.59842                 26.752798                 397.85086                        19.709426
              1       573.08025                0.03001909                 1.0468346     0.021986927      0.98196211       1.0245973       1207.8603      -30.849897       -30.849897       1207.8603                                764.56128                 26.472807                  397.8416                        18.984611
              2       573.72832                0.03001909                 1.0468346     0.021986927      0.98196211       1.0239178       1209.1564      -30.849897       -30.849897       1209.1564                                765.25362                 26.598485                 397.85086                        19.453472
