#        weight    minuslogpost deu_damping_envelope_beta deu_transfer_polamp_p_vis         omega_b             n_s        A_planck       chi2__CMB   minuslogprior minuslogprior__0            chi2 chi2__planck_2018_highl_plik.TTTEEE_lite chi2__planck_2018_lowl.TT chi2__planck_2018_lowl.EE chi2__planck_2018_lensing.native
              3       576.57057                      0.03                    1.0475           0.022        0.981875       1.0270195       1214.8409      -30.849897       -30.849897       1214.8409                                773.40758                 26.060909                 397.81657                        17.555878
              1       573.22566               0.029947082                 1.0474442     0.022009761      0.98172858       1.0251311       1208.1511      -30.849897       -30.849897       1208.1511                                765.19529                 26.438949                 397.85086                        18.666029
              1       573.52793                0.02996228                 1.0476939     0.022036959      0.98188059       1.0251311       1208.7557      -30.849897       -30.849897       1208.7557                                765.83035                 26.403114                 397.85086                        18.671337
              1       573.64954                0.02996228                 1.0476939     0.022036959      0.98188059       1.0253276       1208.9989      -30.849897       -30.849897       1208.9989                                766.23478                 26.367231                 397.85352                        18.543337
              2       573.69559                0.02993231                 1.0475577     0.022049943       0.9819171       1.0247047        1209.091      -30.849897       -30.849897        1209.091                                765.81652                 26.474616                 397.85352                        18.946317
              1       573.60278               0.030208361                 1.0467367     0.022038572      0.98178208       1.0247047       1208.9054      -30.849897       -30.849897       1208.9054                                765.81924                 26.508064                 397.82421                        18.753845
              1        573.7517               0.030119874                  1.046767     0.022045306      0.98149833       1.0247047       1209.2032      -30.849897       -30.849897       1209.2032                                766.02518                 26.583906                 397.85086                        18.743246
              1       575.31107               0.030119874                  1.046767     0.022045306      0.98149833       1.0260352       1212.3219      -30.849897       -30.849897       1212.3219                                770.27264                 26.339329                 397.80313                         17.90683
              1       573.92544               0.030119874                  1.046767     0.022045306      0.98149833       1.0251166       1209.5507      -30.849897       -30.849897       1209.5507                                766.74482                 26.507657                 397.82421                        18.473993
              2       573.78187               0.030119874                  1.046767     0.022045306      0.98149833       1.0248365       1209.2635      -30.849897       -30.849897       1209.2635                                766.19712                  26.55946                 397.85086                        18.656093
              1       573.33701               0.030013257                 1.0476349     0.022025766      0.98129187       1.0248365       1208.3738      -30.849897       -30.849897       1208.3738                                 765.1081                 26.611698                  397.8625                        18.791508
              1       573.43751                0.02983187                 1.0477221     0.022033016      0.98140854       1.0248365       1208.5748      -30.849897       -30.849897       1208.5748                                765.28154                 26.581444                 397.84891                        18.862924
              2       574.31777                0.02983187                 1.0477221     0.022033016      0.98140854       1.0259077       1210.3353      -30.849897       -30.849897       1210.3353                                767.93092                 26.384151                 397.85086                        18.169402
              1       573.44001               0.029836053                  1.047717     0.022032905      0.98139991       1.0248017       1208.5798      -30.849897       -30.849897       1208.5798                                765.25572                 26.590197                 397.84891                        18.884988
              2       573.47732               0.029802008                 1.0480848     0.022036219       0.9813244       1.0248017       1208.6544      -30.849897       -30.849897       1208.6544                                765.25961                 26.610738                 397.86762                        18.916462
              1       573.56125               0.029802008                 1.0480848     0.022036219       0.9813244       1.0245613       1208.8223      -30.849897       -30.849897       1208.8223                                765.21912                 26.655557                 397.86543                          19.0822
              2       574.00886               0.029914565                  1.049035     0.022002822      0.98118588       1.0259743       1209.7175      -30.849897       -30.849897       1209.7175                                767.18964                 26.425793                 397.86762                        18.234466
              1       574.72706               0.029806773                 1.0496911     0.022055008      0.98096517       1.0259743       1211.1539      -30.849897       -30.849897       1211.1539                                768.55036                 26.491513                 397.86585                        18.246185
              1       574.00053               0.028811606                 1.0494544      0.02202308      0.98052036       1.0259743       1209.7009      -30.849897       -30.849897       1209.7009                                766.73082                 26.605099                 397.83673                        18.528215
              1       573.70053               0.028811606                 1.0494544      0.02202308      0.98052036       1.0253882       1209.1008      -30.849897       -30.849897       1209.1008                                765.61936                 26.714668                 397.84141                        18.925409
              1       573.82604               0.028811606                 1.0494544      0.02202308      0.98052036       1.0257597       1209.3519      -30.849897       -30.849897       1209.3519                                 766.1983                 26.645097                 397.83701                        18.671452
              2       573.72597               0.028811606                 1.0494544      0.02202308      0.98052036       1.0255476       1209.1517      -30.849897       -30.849897       1209.1517                                765.81448                 26.684757                 397.83701                        18.815493
              4       573.83335               0.028811606                 1.0494544      0.02202308      0.98052036       1.0249461       1209.3665      -30.849897       -30.849897       1209.3665                                765.49894                 26.798078                 397.83201                        19.237463
              1        573.8464               0.029212732                 1.0498806     0.021961751      0.98067091       1.0249461       1209.3926      -30.849897       -30.849897       1209.3926                                765.57883                 26.748498                 397.84777                        19.217486
              4        573.8656               0.029202133                 1.0498646     0.021959692      0.98062654       1.0249461        1209.431      -30.849897       -30.849897        1209.431                                 765.6022                 26.760837                 397.84777                        19.220187
              1       574.09123               0.029202133                 1.0498646     0.021959692      0.98062654        1.026146       1209.8823      -30.849897       -30.849897       1209.8823                                767.08022                 26.536614                 397.85405                        18.411369
              1        573.6935               0.029202133                 1.0498646     0.021959692      0.98062654       1.0255665       1209.0868      -30.849897       -30.849897       1209.0868                                765.79874                 26.644383                 397.85146                        18.792214
              1       574.30487               0.029610784                 1.0496081     0.021942136      0.98074965       1.0243959       1210.3095      -30.849897       -30.849897       1210.3095                                766.21022                 26.828454                 397.80389                        19.466961
              3         574.131               0.029610784                 1.0496081     0.021942136      0.98074965       1.0260724       1209.9618      -30.849897       -30.849897       1209.9618                                767.25612                 26.514476                 397.85595                        18.335249
              1       573.28938               0.029521705                 1.0489501     0.021961036      0.98073591       1.0255861       1208.2786      -30.849897       -30.849897       1208.2786                                765.22876                 26.612688                 397.84668                        18.590418
              1       573.50784               0.030149946                 1.0486305     0.021963945      0.98088868       1.0255861       1208.7155      -30.849897       -30.849897       1208.7155                                765.94918                 26.571114                 397.82781                        18.367371
              1       573.22519               0.030111524                 1.0485229     0.021953644         0.98101       1.0252106       1208.1502      -30.849897       -30.849897       1208.1502                                 765.0769                 26.607186                 397.82781                        18.638281
              2        573.2297               0.030111524                 1.0485229     0.021953644         0.98101       1.0252237       1208.1592      -30.849897       -30.849897       1208.1592                                765.09687                 26.604748                 397.82781                        18.629762
              1       573.41284               0.030010008                  1.049199     0.021954832      0.98093052       1.0252237       1208.5255      -30.849897       -30.849897       1208.5255                                765.32305                  26.62578                 397.85623                        18.720411
              4       573.47997               0.030010008                  1.049199     0.021954832      0.98093052        1.024795       1208.6597      -30.849897       -30.849897       1208.6597                                765.09105                 26.705989                 397.85405                        19.008646
              2       573.58866                0.03000951                 1.0494369     0.021958039      0.98088626        1.024795       1208.8771      -30.849897       -30.849897       1208.8771                                765.27962                 26.718374                 397.85405                        19.025065
              1       573.74902               0.029675656                 1.0497622     0.021967704      0.98139721        1.024795       1209.1978      -30.849897       -30.849897       1209.1978                                765.52233                 26.583041                 397.85623                        19.236229
              1       573.53718               0.029675656                 1.0497622     0.021967704      0.98139721       1.0251902       1208.7741      -30.849897       -30.849897       1208.7741                                765.46722                 26.509835                 397.83404                        18.963056
              1       574.33176               0.029675656                 1.0497622     0.021967704      0.98139721       1.0263098       1210.3633      -30.849897       -30.849897       1210.3633                                767.98878                 26.304873                 397.83402                         18.23563
              1       574.97592               0.029660016                  1.049709     0.021971047      0.98136342       1.0266564       1211.6516      -30.849897       -30.849897       1211.6516                                769.54285                 26.251243                 397.84307                        18.014462
              2       573.77362               0.029660016                  1.049709     0.021971047      0.98136342       1.0258947        1209.247      -30.849897       -30.849897        1209.247                                766.53749                 26.389637                 397.83226                        18.487637
              1       573.98883                0.02962178                  1.049898     0.021959664       0.9811942       1.0261152       1209.6774      -30.849897       -30.849897       1209.6774                                767.07698                  26.39411                 397.82781                        18.378541
              1        575.2104               0.029790363                 1.0496343     0.021951395      0.98113812       1.0267019       1212.1206      -30.849897       -30.849897       1212.1206                                770.05112                 26.298724                 397.83219                        17.938566
              2       574.99114               0.029533149                 1.0491835     0.021929486      0.98121778       1.0267019       1211.6821      -30.849897       -30.849897       1211.6821                                769.55287                 26.273649                 397.84896                        18.006605
              1       575.45193               0.030005721                 1.0469552     0.021931983      0.98141478       1.0267019       1212.6037      -30.849897       -30.849897       1212.6037                                770.83646                 26.224518                 397.83647                        17.706201
              2       575.60949               0.029895459                 1.0467548     0.021935865      0.98110775       1.0267019       1212.9188      -30.849897       -30.849897       1212.9188                                771.09671                 26.304177                 397.84445                        17.673433
              1       573.32856               0.029895459                 1.0467548     0.021935865      0.98110775       1.0242891       1208.3569      -30.849897       -30.849897       1208.3569                                764.59471                 26.750461                 397.84124                        19.170505
              2       574.49873               0.029895459                 1.0467548     0.021935865      0.98110775       1.0235524       1210.6973      -30.849897       -30.849897       1210.6973                                766.28196                 26.890352                 397.83404                        19.690911
              1       574.38613               0.029813458                 1.0467715     0.021977122      0.98138982       1.0261659       1210.4721      -30.849897       -30.849897       1210.4721                                768.31451                 26.334108                 397.83326                        17.990181
              4         573.085               0.030328491                 1.0476185     0.021946251      0.98197857       1.0252362       1207.8698      -30.849897       -30.849897       1207.8698                                  765.077                 26.345617                 397.85086                        18.596316
              6       573.23942                0.03010284                 1.0475508     0.021905559      0.98243894       1.0252362       1208.1786      -30.849897       -30.849897       1208.1786                                765.33325                 26.220183                 397.84445                        18.780761
              5       573.81772                0.03010284                 1.0475508     0.021905559      0.98243894       1.0259781       1209.3352      -30.849897       -30.849897       1209.3352                                767.07505                 26.087401                 397.85044                         18.32234
              1       573.26891                0.03010284                 1.0475508     0.021905559      0.98243894       1.0248762       1208.2376      -30.849897       -30.849897       1208.2376                                765.11404                 26.285203                  397.8244                        19.013961
              1       573.22272                0.03010284                 1.0475508     0.021905559      0.98243894       1.0250606       1208.1452      -30.849897       -30.849897       1208.1452                                765.17513                 26.251845                 397.82466                        18.893595
              6       573.23643                0.03010284                 1.0475508     0.021905559      0.98243894         1.02496       1208.1727      -30.849897       -30.849897       1208.1727                                765.12844                 26.270034                 397.81514                        18.959041
              1       573.34148                0.03010284                 1.0475508     0.021905559      0.98243894       1.0254955       1208.3828      -30.849897       -30.849897       1208.3828                                765.74492                 26.173576                 397.84712                         18.61714
              1       573.85022                0.03010284                 1.0475508     0.021905559      0.98243894       1.0242463       1209.4002      -30.849897       -30.849897       1209.4002                                765.71946                 26.399881                 397.84179                        19.439103
              2       573.75865               0.030239002                 1.0475482     0.021906095      0.98242542       1.0242463       1209.2171      -30.849897       -30.849897       1209.2171                                765.58011                 26.404406                 397.84399                        19.388591
              2       573.95342               0.030239002                 1.0475482     0.021906095      0.98242542       1.0241118       1209.6066      -30.849897       -30.849897       1209.6066                                765.85419                 26.429038                 397.84179                        19.481621
              3       573.43174               0.030024763                 1.0461432     0.021987246      0.98065784       1.0241118       1208.5633      -30.849897       -30.849897       1208.5633                                 764.7518                 26.913891                 397.83184                        19.065748
              1       575.20365               0.030024763                 1.0461432     0.021987246      0.98065784       1.0262019       1212.1071      -30.849897       -30.849897       1212.1071                                770.00647                 26.520903                 397.83273                        17.746979
              3       573.87164               0.030024763                 1.0461432     0.021987246      0.98065784        1.025523       1209.4431      -30.849897       -30.849897       1209.4431                                766.79179                 26.647063                 397.85487                        18.149351
              1       573.41899               0.029780985                 1.0464916     0.021957374      0.98067422        1.025523       1208.5378      -30.849897       -30.849897       1208.5378                                765.78043                  26.63906                 397.82623                        18.292056
              1       573.48114               0.029780985                 1.0464916     0.021957374      0.98067422       1.0255761       1208.6621      -30.849897       -30.849897       1208.6621                                765.94749                 26.629148                 397.82623                        18.259207
              1       573.47086               0.030062137                 1.0478198     0.021973347      0.98070919       1.0255761       1208.6415      -30.849897       -30.849897       1208.6415                                 765.9029                 26.621863                 397.83184                        18.284913
              1       573.33859               0.030287825                 1.0476822      0.02195318       0.9811223       1.0255761        1208.377      -30.849897       -30.849897        1208.377                                765.74709                 26.510025                  397.8372                        18.282643
              1       572.98729               0.030287825                 1.0476822      0.02195318       0.9811223       1.0245217       1207.6744      -30.849897       -30.849897       1207.6744                                764.17503                 26.706337                 397.83042                        18.962584
              2       572.91748               0.030287825                 1.0476822      0.02195318       0.9811223       1.0249648       1207.5347      -30.849897       -30.849897       1207.5347                                 764.4078                 26.623448                 397.83402                        18.669471
              1       573.00945               0.030287825                 1.0476822      0.02195318       0.9811223       1.0244816       1207.7187      -30.849897       -30.849897       1207.7187                                764.18469                 26.713885                 397.83042                        18.989694
              1       573.91764               0.030287825                 1.0476822      0.02195318       0.9811223        1.023728       1209.5351      -30.849897       -30.849897       1209.5351                                765.31734                 26.856501                 397.84668                        19.514556
              3       574.19768               0.029643094                 1.0472894     0.021972158      0.98074377        1.023728       1210.0952      -30.849897       -30.849897       1210.0952                                765.65128                 26.962587                 397.84668                         19.63462
              1        573.8573               0.029990708                 1.0463099     0.021960129      0.98067548        1.023728       1209.4144      -30.849897       -30.849897       1209.4144                                765.21316                 26.979463                 397.82781                        19.393953
              3       573.07023               0.029990708                 1.0463099     0.021960129      0.98067548       1.0248056       1207.8403      -30.849897       -30.849897       1207.8403                                764.56828                 26.773985                  397.8372                        18.660792
              4       573.28927               0.030168339                  1.047319     0.021918431      0.98104526        1.025282       1208.2783      -30.849897       -30.849897       1208.2783                                765.37389                 26.578247                 397.83537                        18.490836
              2       573.23693               0.030168339                  1.047319     0.021918431      0.98104526       1.0251637       1208.1737      -30.849897       -30.849897       1208.1737                                765.15884                 26.600249                 397.84896                        18.565612
              1       574.25834               0.030047931                 1.0474125     0.021920824      0.98105018       1.0261208       1210.2165      -30.849897       -30.849897       1210.2165                                767.92571                 26.422681                 397.83915                        18.028935
              1       574.18988               0.030047931                 1.0474125     0.021920824      0.98105018       1.0260834       1210.0795      -30.849897       -30.849897       1210.0795                                767.75983                 26.429555                 397.83915                         18.05101
              1       573.17665               0.030047931                 1.0474125     0.021920824      0.98105018         1.02498       1208.0531      -30.849897       -30.849897       1208.0531                                764.85182                 26.633773                 397.83219                          18.7353
              1       573.07125                0.03003204                 1.0472467     0.021932307      0.98089059         1.02498       1207.8423      -30.849897       -30.849897       1207.8423                                 764.6473                 26.677639                 397.83219                        18.685174
              1       573.01228                0.02993145                 1.0464993     0.021948199      0.98120909         1.02498       1207.7244      -30.849897       -30.849897       1207.7244                                764.62628                  26.59597                 397.83106                         18.67105
              1       574.33188               0.030388757                 1.0459505     0.022002782      0.98171284       1.0234705       1210.3636      -30.849897       -30.849897       1210.3636                                766.26988                 26.751065                 397.85086                        19.491759
              1       573.42604               0.030388757                 1.0459505     0.022002782      0.98171284       1.0243199       1208.5519      -30.849897       -30.849897       1208.5519                                765.21899                 26.592117                  397.8354                        18.905362
              2       573.39873               0.030388757                 1.0459505     0.022002782      0.98171284       1.0246842       1208.4972      -30.849897       -30.849897       1208.4972                                765.47071                  26.52461                 397.83593                        18.665998
              2       573.42556                0.03037046                 1.0458732     0.022003945       0.9816958       1.0246842       1208.5509      -30.849897       -30.849897       1208.5509                                765.52747                 26.528856                 397.83593                        18.658668
              2       575.87888                0.03037046                 1.0458732     0.022003945       0.9816958       1.0263004       1213.4576      -30.849897       -30.849897       1213.4576                                771.73445                 26.233743                 397.80496                         17.68441
              2       573.48998               0.030365814                 1.0461985     0.021996001      0.98145564       1.0240339       1208.6798      -30.849897       -30.849897       1208.6798                                765.00897                 26.713413                 397.85086                        19.106521
              1       573.56983               0.030419373                 1.0458398     0.022000387      0.98131862       1.0240339       1208.8395      -30.849897       -30.849897       1208.8395                                765.21782                 26.750491                 397.85086                        19.020288
              5       574.04389               0.030314164                 1.0455995     0.022032336       0.9809546       1.0240339       1209.7876      -30.849897       -30.849897       1209.7876                                766.13657                  26.85447                 397.84866                        18.947873
              3       574.08821               0.030314164                 1.0455995     0.022032336       0.9809546       1.0239649       1209.8762      -30.849897       -30.849897       1209.8762                                766.16491                 26.867626                 397.84866                        18.995014
              1       574.10131               0.030297412                 1.0456678     0.022032012       0.9808961       1.0239649       1209.9024      -30.849897       -30.849897       1209.9024                                766.16322                 26.883688                 397.84891                        19.006598
              3       573.99459               0.030297412                 1.0456678     0.022032012       0.9808961       1.0241563        1209.689      -30.849897       -30.849897        1209.689                                766.11685                 26.847217                 397.84866                        18.876242
              4        574.0295                0.03036551                   1.04556     0.022034228      0.98095368       1.0241563       1209.7588      -30.849897       -30.849897       1209.7588                                766.24125                 26.830976                 397.84866                        18.837901
              2       574.24446                0.03036551                   1.04556     0.022034228      0.98095368       1.0238089       1210.1887      -30.849897       -30.849897       1210.1887                                766.36798                 26.897171                 397.84891                        19.074652
              1       574.11238                0.03036551                   1.04556     0.022034228      0.98095368       1.0247611       1209.9245      -30.849897       -30.849897       1209.9245                                766.93366                 26.716685                 397.83273                        18.441468
              2        574.2212                0.03036551                   1.04556     0.022034228      0.98095368       1.0238353       1210.1422      -30.849897       -30.849897       1210.1422                                 766.3448                 26.892112                 397.84891                        19.056367
              1       574.58978               0.030220239                 1.0461838      0.02202948      0.98121239       1.0256165       1210.8793      -30.849897       -30.849897       1210.8793                                768.51304                 26.488691                  397.8151                        18.062521
              1       573.52202               0.029468856                 1.0472227     0.022007817      0.98181594       1.0256165       1208.7438      -30.849897       -30.849897       1208.7438                                766.07672                 26.327987                 397.83593                        18.503191
              1       574.72137               0.029517383                 1.0478805     0.022057727      0.98177242       1.0239346       1211.1425      -30.849897       -30.849897       1211.1425                                766.98495                 26.656471                 397.84573                        19.655379
              2       574.54208               0.029447413                 1.0485365     0.022032789      0.98131351       1.0239346       1210.7839      -30.849897       -30.849897       1210.7839                                766.45456                 26.775872                 397.83226                        19.721258
              3       573.50651               0.029449066                 1.0485386     0.022032713      0.98131441       1.0248646       1208.7128      -30.849897       -30.849897       1208.7128                                765.19665                 26.601388                 397.86585                        19.048924
              1       573.51001               0.029449066                 1.0485386     0.022032713      0.98131441       1.0253108       1208.7198      -30.849897       -30.849897       1208.7198                                765.58915                 26.518677                 397.86762                        18.744382
              5       573.80516               0.029232074                 1.0491183     0.022047914      0.98122665       1.0253108       1209.3101      -30.849897       -30.849897       1209.3101                                 766.0455                 26.544319                 397.86585                        18.854439
              2       573.70701               0.029213223                 1.0489832     0.022040429      0.98142722       1.0253108       1209.1138      -30.849897       -30.849897       1209.1138                                 765.8708                 26.490515                 397.86141                        18.891095
              1       573.21244               0.030288612                 1.0479467     0.021962768      0.98106391       1.0253108       1208.1247      -30.849897       -30.849897       1208.1247                                765.26035                 26.575746                 397.83402                        18.454544
              3       573.30412               0.030369473                 1.0488083     0.021950835      0.98172622       1.0253108        1208.308      -30.849897       -30.849897        1208.308                                765.45149                  26.39902                 397.84307                        18.614462
              6        573.2287               0.030219544                 1.0485965     0.021997312      0.98189712       1.0253108       1208.1572      -30.849897       -30.849897       1208.1572                                765.33173                  26.36024                 397.85111                        18.614105
              1        573.2011               0.030123593                 1.0483816     0.021991335      0.98170238       1.0253108        1208.102      -30.849897       -30.849897        1208.102                                765.21429                 26.410085                 397.87344                        18.604178
              1       573.45038               0.030169143                 1.0485697     0.021992298      0.98162506       1.0255867       1208.6006      -30.849897       -30.849897       1208.6006                                765.92726                 26.379677                 397.87344                        18.420179
              2       573.58052                0.03030936                 1.0484375     0.022002336      0.98145028       1.0255867       1208.8608      -30.849897       -30.849897       1208.8608                                766.22843                 26.427672                 397.87344                        18.331294
              2       573.95028               0.029855467                 1.0480046     0.022041136      0.98137253       1.0255867       1209.6004      -30.849897       -30.849897       1209.6004                                766.91645                 26.453995                 397.84891                        18.381002
              2       573.44641               0.029664717                 1.0469051     0.021983028      0.98111688       1.0255867       1208.5926      -30.849897       -30.849897       1208.5926                                765.87088                 26.511812                 397.85086                        18.359068
              1       575.27587               0.029764543                 1.0454393     0.022051323      0.98132912       1.0255867       1212.2515      -30.849897       -30.849897       1212.2515                                769.78973                 26.466668                  397.8606                         18.13454
              2       574.42421               0.029764543                 1.0454393     0.022051323      0.98132912       1.0247122       1210.5482      -30.849897       -30.849897       1210.5482                                767.41362                 26.628592                  397.8151                        18.690903
              1       576.09649               0.029764543                 1.0454393     0.022051323      0.98132912       1.0231214       1213.8928      -30.849897       -30.849897       1213.8928                                769.30449                 26.929193                 397.84891                        19.810185
              1        576.7677               0.029103577                  1.045187     0.022036724      0.98167414       1.0231214       1215.2352      -30.849897       -30.849897       1215.2352                                770.43994                 26.832421                 397.85086                        20.111979
              1       576.50323               0.029263952                 1.0450993     0.022022495      0.98190514       1.0231214       1214.7062      -30.849897       -30.849897       1214.7062                                770.03653                 26.768557                 397.82641                        20.074741
              1       580.30958               0.029263952                 1.0450993     0.022022495      0.98190514       1.0220693        1222.319      -30.849897       -30.849897        1222.319                                776.59532                 26.968975                 397.85111                         20.90356
              1       580.23719               0.029262682                 1.0450959     0.022019199      0.98189396       1.0220693       1222.1742      -30.849897       -30.849897       1222.1742                                776.46001                 26.970387                 397.85111                        20.892667
              7       577.47351               0.029262682                 1.0450959     0.022019199      0.98189396       1.0227813       1216.6468      -30.849897       -30.849897       1216.6468                                 771.6355                 26.834379                 397.85086                        20.326079
              2       574.43072               0.029262682                 1.0450959     0.022019199      0.98189396       1.0254084       1210.5612      -30.849897       -30.849897       1210.5612                                  767.887                 26.346128                 397.84971                        18.478402
              5       574.07082               0.029251457                 1.0454786     0.022012831      0.98179499       1.0254084       1209.8414      -30.849897       -30.849897       1209.8414                                 767.1239                 26.371376                 397.82673                        18.519411
              3       573.69519               0.029441542                 1.0457557     0.021998729      0.98181801       1.0254084       1209.0902      -30.849897       -30.849897       1209.0902                                766.40677                 26.363795                 397.81657                        18.503027
              1        573.3621               0.028812023                 1.0457517     0.021904263      0.98124131       1.0254084        1208.424      -30.849897       -30.849897        1208.424                                765.36436                 26.500212                 397.82466                        18.734762
              1       573.14987               0.028834136                 1.0462662     0.021926236      0.98085635       1.0254084       1207.9995      -30.849897       -30.849897       1207.9995                                764.85236                 26.605846                 397.83915                        18.702186
              1       573.13822               0.028834136                 1.0462662     0.021926236      0.98085635       1.0253745       1207.9762      -30.849897       -30.849897       1207.9762                                 764.8029                  26.61216                 397.83695                        18.724217
              2       574.05503               0.029020481                 1.0462346     0.021935208      0.98089395       1.0240136       1209.8099      -30.849897       -30.849897       1209.8099                                765.52979                 26.859921                 397.83219                        19.587965
              1       574.06525               0.028913007                 1.0464567     0.021960565      0.98086831       1.0240136       1209.8303      -30.849897       -30.849897       1209.8303                                765.50123                 26.871875                 397.83184                        19.625353
              5       574.12389               0.028930021                 1.0467995     0.021954999      0.98098897       1.0240136       1209.9476      -30.849897       -30.849897       1209.9476                                765.59917                 26.838059                    397.83                        19.680335
