#        weight    minuslogpost deu_damping_envelope_beta deu_transfer_polamp_p_vis         omega_b             n_s        A_planck       chi2__CMB   minuslogprior minuslogprior__0            chi2 chi2__planck_2018_highl_plik.TTTEEE_lite chi2__planck_2018_lowl.TT chi2__planck_2018_lowl.EE chi2__planck_2018_lensing.native
              1       573.44776               0.030464961                  1.047042     0.022020122      0.98147409           1.025       1208.5953      -30.849897       -30.849897       1208.5953                                765.71383                 26.532063                 397.85086                        18.498553
              3       573.45388                0.03044803                 1.0470202     0.022019968      0.98145992           1.025       1208.6076      -30.849897       -30.849897       1208.6076                                765.72097                 26.535739                 397.85086                         18.49999
              2        573.9405                0.03044803                 1.0470202     0.022019968      0.98145992       1.0237373       1209.5808      -30.849897       -30.849897       1209.5808                                765.57931                  26.77166                 397.87667                        19.353157
              2       573.39443                0.03044803                 1.0470202     0.022019968      0.98145992       1.0243062       1208.4886      -30.849897       -30.849897       1208.4886                                765.01698                 26.664759                 397.84891                        18.957992
              2       573.15509               0.030309763                  1.047189     0.021974583      0.98132555       1.0243062         1208.01      -30.849897       -30.849897         1208.01                                764.41851                 26.695078                 397.84307                        19.053313
              1        573.5766               0.030112752                 1.0488209     0.021987832      0.98065248       1.0243062        1208.853      -30.849897       -30.849897        1208.853                                764.92811                  26.87801                 397.85405                        19.192828
              3       574.90352               0.030006516                 1.0489641     0.022098692      0.98077889       1.0243062       1211.5068      -30.849897       -30.849897       1211.5068                                767.61976                 26.860715                 397.87061                        19.155746
              1       574.79091               0.030006516                 1.0489641     0.022098692      0.98077889       1.0245088       1211.2816      -30.849897       -30.849897       1211.2816                                767.57475                 26.822187                 397.87322                         19.01147
              2        574.5404               0.029796749                 1.0493711     0.022087766      0.98144555       1.0246799       1210.7806      -30.849897       -30.849897       1210.7806                                767.19521                 26.608881                 397.85964                        19.116857
              2       574.98926               0.029796749                 1.0493711     0.022087766      0.98144555       1.0257685       1211.6783      -30.849897       -30.849897       1211.6783                                769.04712                 26.408025                 397.84573                        18.377426
              6       574.77796               0.029730173                 1.0492824     0.022080186      0.98154278       1.0257685       1211.2557      -30.849897       -30.849897       1211.2557                                  768.605                 26.382246                 397.85478                        18.413686
              1       573.87408               0.029638086                 1.0494355      0.02202159      0.98093326       1.0257685        1209.448      -30.849897       -30.849897        1209.448                                766.64741                 26.532765                 397.83226                        18.435529
              1       573.79519               0.029738749                 1.0492132     0.022012513      0.98099135       1.0257685       1209.2902      -30.849897       -30.849897       1209.2902                                766.53909                 26.515959                 397.83226                        18.402864
              3       573.98147               0.030047783                 1.0488192     0.022018594      0.98096584       1.0257685       1209.6627      -30.849897       -30.849897       1209.6627                                 767.0281                 26.523518                 397.85699                        18.254128
              1       574.09691                0.03013567                 1.0491599     0.022020585      0.98076244       1.0257685       1209.8936      -30.849897       -30.849897       1209.8936                                767.25574                 26.578298                 397.83226                        18.227318
              2        573.5511                0.03013567                 1.0491599     0.022020585      0.98076244       1.0251646        1208.802      -30.849897       -30.849897        1208.802                                765.65601                 26.690941                 397.83701                        18.618027
              1       573.42013               0.030444843                 1.0492543     0.022000628       0.9811827       1.0251646       1208.5401      -30.849897       -30.849897       1208.5401                                765.53173                  26.57532                 397.83226                        18.600757
              1       573.51338               0.030444843                 1.0492543     0.022000628       0.9811827       1.0253273       1208.7266      -30.849897       -30.849897       1208.7266                                 765.8543                 26.545153                 397.83226                        18.494843
              1       573.38323               0.030444843                 1.0492543     0.022000628       0.9811827       1.0247267       1208.4662      -30.849897       -30.849897       1208.4662                                765.07903                 26.656876                 397.83736                        18.892977
              1       573.95016               0.030419471                 1.0483944      0.02206919      0.98157528       1.0247267       1209.6001      -30.849897       -30.849897       1209.6001                                766.39951                 26.563235                 397.84573                        18.791624
              1       574.09441               0.030017895                  1.049019     0.022071701      0.98184753       1.0247267       1209.8886      -30.849897       -30.849897       1209.8886                                766.52114                 26.492019                 397.84573                         19.02973
              2       574.16237               0.030017895                  1.049019     0.022071701      0.98184753       1.0245709       1210.0245      -30.849897       -30.849897       1210.0245                                766.51934                  26.52076                 397.84573                        19.138694
              2       574.47515               0.030048592                 1.0486248      0.02208821      0.98108959       1.0245709       1210.6501      -30.849897       -30.849897       1210.6501                                767.08926                 26.724325                 397.86585                        18.970657
              1       573.93186               0.029519754                 1.0493247     0.022027414      0.98084475       1.0244795       1209.5635      -30.849897       -30.849897       1209.5635                                765.58729                 26.798536                 397.84141                        19.336274
              1       575.34896               0.029519754                 1.0493247     0.022027414      0.98084475       1.0265972       1212.3977      -30.849897       -30.849897       1212.3977                                770.19817                 26.404457                 397.86543                        17.929647
              1       574.64886               0.029519754                 1.0493247     0.022027414      0.98084475       1.0239852       1210.9975      -30.849897       -30.849897       1210.9975                                766.55455                 26.892586                 397.85036                        19.700009
              1       574.81071               0.028874864                 1.0498582     0.022050375      0.98129453       1.0263611       1211.3212      -30.849897       -30.849897       1211.3212                                768.77441                 26.334283                 397.84309                        18.369432
              1       575.02221               0.028874864                 1.0498582     0.022050375      0.98129453       1.0243259       1211.7442      -30.849897       -30.849897       1211.7442                                 767.3976                  26.71029                 397.83701                          19.7993
              1       574.67401                0.02908535                 1.0497329     0.021990128      0.98194104       1.0243259       1211.0478      -30.849897       -30.849897       1211.0478                                766.83799                 26.528905                 397.83226                        19.848669
              1       573.58169                0.02908535                 1.0497329     0.021990128      0.98194104       1.0257029       1208.8632      -30.849897       -30.849897       1208.8632                                765.84759                 26.277018                 397.86762                         18.87096
              2       573.69538               0.028670142                 1.0499362     0.021995058      0.98171155       1.0257029       1209.0906      -30.849897       -30.849897       1209.0906                                765.92534                 26.336523                 397.83445                        18.994257
              3       574.63337               0.028670142                 1.0499362     0.021995058      0.98171155       1.0267134       1210.9665      -30.849897       -30.849897       1210.9665                                 768.6103                  26.15419                 397.87344                        18.328608
              2        574.9373               0.028670142                 1.0499362     0.021995058      0.98171155       1.0268795       1211.5744      -30.849897       -30.849897       1211.5744                                769.35814                  26.12452                 397.86722                        18.224519
              1        574.8697               0.028682424                 1.0499573     0.021986186      0.98170828       1.0268795       1211.4392      -30.849897       -30.849897       1211.4392                                769.20812                 26.123981                 397.87344                        18.233654
              1       574.85212               0.028675576                 1.0497782     0.021985101      0.98168786       1.0268795        1211.404      -30.849897       -30.849897        1211.404                                   769.18                 26.129355                 397.87563                        18.219047
              2         574.904               0.028665334                 1.0499454     0.021987339      0.98131232       1.0268795       1211.5078      -30.849897       -30.849897       1211.5078                                769.26099                  26.22624                 397.83235                        18.188229
              4       575.04742               0.028596331                 1.0498647     0.021909139      0.98125121       1.0268795       1211.7946      -30.849897       -30.849897       1211.7946                                769.43507                 26.230318                 397.85106                        18.278177
              3       574.53965               0.028596331                 1.0498647     0.021909139      0.98125121       1.0265258       1210.7791      -30.849897       -30.849897       1210.7791                                768.13634                  26.29427                 397.84887                        18.499608
              1       574.16787               0.028596331                 1.0498647     0.021909139      0.98125121       1.0260383       1210.0355      -30.849897       -30.849897       1210.0355                                766.98983                 26.383036                 397.84668                         18.81598
              2       573.98304               0.028604731                 1.0498048     0.021911794      0.98125653       1.0260383       1209.6659      -30.849897       -30.849897       1209.6659                                766.63062                 26.383326                 397.84668                        18.805239
              1       574.54232               0.028604731                 1.0498048     0.021911794      0.98125653       1.0266622       1210.7844      -30.849897       -30.849897       1210.7844                                768.26264                 26.269859                 397.84876                        18.403183
              1       574.51202               0.028604731                 1.0498048     0.021911794      0.98125653       1.0249491       1210.7238      -30.849897       -30.849897       1210.7238                                766.72547                 26.584095                 397.85623                        19.558024
              2       574.40607               0.028604731                 1.0498048     0.021911794      0.98125653       1.0265607       1210.5119      -30.849897       -30.849897       1210.5119                                767.91393                 26.288237                 397.84262                         18.46714
              2       574.41881               0.028684289                 1.0496568     0.021925494       0.9810484       1.0265607       1210.5374      -30.849897       -30.849897       1210.5374                                 767.9651                 26.343011                 397.84668                         18.38262
              1       574.15099               0.028728322                 1.0493937     0.021939709      0.98120555        1.026497       1210.0018      -30.849897       -30.849897       1210.0018                                767.46356                 26.316465                 397.83219                        18.389573
              4       574.35629               0.029429322                 1.0477076     0.021969312      0.98193919        1.026497       1210.4124      -30.849897       -30.849897       1210.4124                                768.37819                 26.132548                 397.82795                        18.073679
              1       574.13247               0.029373378                 1.0480178     0.021968798      0.98217297        1.026497       1209.9647      -30.849897       -30.849897       1209.9647                                767.92235                 26.074666                 397.80932                        18.158404
              1       573.90886               0.029373378                 1.0480178     0.021968798      0.98217297       1.0263719       1209.5175      -30.849897       -30.849897       1209.5175                                767.35876                 26.096893                 397.82795                        18.233915
              1       574.15935               0.029535138                 1.0483953     0.021981267       0.9820721       1.0263719       1210.0185      -30.849897       -30.849897       1210.0185                                767.86004                 26.121672                 397.84712                        18.189667
              1       573.97057               0.029146929                 1.0489209     0.021952862      0.98159016       1.0263719       1209.6409      -30.849897       -30.849897       1209.6409                                767.24567                 26.241306                 397.83131                        18.322653
              2       573.57641               0.029146929                 1.0489209     0.021952862      0.98159016       1.0260538       1208.8526      -30.849897       -30.849897       1208.8526                                 766.1936                 26.298849                  397.8372                        18.522958
              1       573.52276               0.028949789                 1.0487049     0.021967966      0.98124898       1.0260538       1208.7453      -30.849897       -30.849897       1208.7453                                766.00224                 26.390151                 397.85079                        18.502121
              3       573.83822               0.029247394                 1.0495786     0.021976468       0.9809764        1.024688       1209.3762      -30.849897       -30.849897       1209.3762                                765.42474                 26.716971                 397.85405                        19.380473
              2       573.91531               0.029247394                 1.0495786     0.021976468       0.9809764       1.0261325       1209.5304      -30.849897       -30.849897       1209.5304                                766.85373                 26.448589                 397.82781                        18.400277
              1       574.78008               0.029247394                 1.0495786     0.021976468       0.9809764       1.0240924         1211.26      -30.849897       -30.849897         1211.26                                766.76255                 26.829532                 397.84995                        19.817921
              1       575.05003               0.029372871                 1.0495505     0.021939357      0.98112504       1.0240924       1211.7999      -30.849897       -30.849897       1211.7999                                767.34194                 26.783418                 397.84995                        19.824553
              1       573.88969               0.029367948                 1.0495263     0.021939366      0.98112828       1.0248287       1209.4792      -30.849897       -30.849897       1209.4792                                765.68939                 26.644218                 397.85405                         19.29151
              1       573.67662               0.029334063                 1.0493886     0.021926266      0.98082332       1.0253521        1209.053      -30.849897       -30.849897        1209.053                                765.67797                 26.625186                 397.85405                        18.895826
              3       573.76575               0.029334063                 1.0493886     0.021926266      0.98082332       1.0257469       1209.2313      -30.849897       -30.849897       1209.2313                                766.18881                 26.551785                 397.85623                        18.634478
              1       573.36505               0.028512121                 1.0490088     0.021968829      0.98121393       1.0257469       1208.4299      -30.849897       -30.849897       1208.4299                                765.25972                 26.456458                 397.83172                        18.882001
              4       573.39941               0.028512121                 1.0490088     0.021968829      0.98121393       1.0258496       1208.4986      -30.849897       -30.849897       1208.4986                                 765.4141                 26.437582                 397.83402                        18.812913
              2       573.72785               0.028751039                 1.0493546     0.021912635      0.98093619       1.0258496       1209.1555      -30.849897       -30.849897       1209.1555                                766.01417                  26.50207                 397.84668                        18.792573
              3       574.87051               0.028751039                 1.0493546     0.021912635      0.98093619       1.0244324       1211.4408      -30.849897       -30.849897       1211.4408                                767.09064                 26.766635                 397.79817                        19.785362
              1       574.06658               0.029404576                 1.0487115     0.021920122      0.98072505       1.0244324        1209.833      -30.849897       -30.849897        1209.833                                765.77678                 26.823656                 397.80758                        19.424949
