#        weight    minuslogpost deu_damping_envelope_beta deu_transfer_polamp_p_vis         omega_b             n_s        A_planck       chi2__CMB   minuslogprior minuslogprior__0            chi2 chi2__planck_2018_highl_plik.TTTEEE_lite chi2__planck_2018_lowl.TT chi2__planck_2018_lowl.EE chi2__planck_2018_lensing.native
              1        573.2296               0.030286063                 1.0471772     0.021997864      0.98165154       1.0251658        1208.159      -30.849897       -30.849897        1208.159                                765.34773                 26.450922                 397.85086                        18.509489
              5       573.27903               0.030123109                 1.0466216     0.021991823      0.98164937       1.0251658       1208.2579      -30.849897       -30.849897       1208.2579                                765.46256                 26.450307                 397.83273                        18.512263
              2       573.27917               0.030123109                 1.0466216     0.021991823      0.98164937        1.025166       1208.2581      -30.849897       -30.849897       1208.2581                                  765.463                  26.45027                 397.83273                        18.512136
              1       573.01922                 0.0295899                 1.0468915     0.021958428      0.98136359        1.025166       1207.7382      -30.849897       -30.849897       1207.7382                                764.63111                 26.521763                 397.87538                        18.709977
              1       573.09494               0.029809375                 1.0477858     0.021983657       0.9808704        1.025166       1207.8897      -30.849897       -30.849897       1207.8897                                764.75919                  26.65649                 397.83184                        18.642162
              1        573.2444                0.03013944                 1.0480366     0.021935019      0.98088217        1.025166       1208.1886      -30.849897       -30.849897       1208.1886                                765.08672                 26.645603                 397.84668                        18.609593
              1        573.1412               0.030226146                 1.0478127     0.021942193      0.98087793        1.025166       1207.9822      -30.849897       -30.849897       1207.9822                                764.95196                 26.648668                    397.83                        18.551555
              3       573.14962               0.030226146                 1.0478127     0.021942193      0.98087793       1.0246036        1207.999      -30.849897       -30.849897        1207.999                                764.47804                 26.754222                 397.84668                        18.920105
              2       573.58305               0.030226146                 1.0478127     0.021942193      0.98087793       1.0256735       1208.8659      -30.849897       -30.849897       1208.8659                                766.23671                 26.554217                 397.84124                         18.23372
              1        573.6231               0.029851184                 1.0473027     0.021985573      0.98074227       1.0256735        1208.946      -30.849897       -30.849897        1208.946                                 766.2904                 26.595726                 397.82648                        18.233389
              2       573.72446               0.029646332                 1.0485533     0.021999624      0.98058235         1.02425       1209.1487      -30.849897       -30.849897       1209.1487                                765.02527                 26.909966                 397.85405                        19.359427
              1       573.26902               0.029646332                 1.0485533     0.021999624      0.98058235       1.0252313       1208.2378      -30.849897       -30.849897       1208.2378                                765.00887                  26.72379                 397.82563                        18.679536
              1       573.17214               0.028995135                 1.0485289      0.02195493      0.98097604       1.0252313       1208.0441      -30.849897       -30.849897       1208.0441                                764.60307                 26.612175                 397.83404                        18.994791
              2       573.15207               0.028995135                 1.0485289      0.02195493      0.98097604       1.0253773       1208.0039      -30.849897       -30.849897       1208.0039                                764.69535                 26.585012                 397.82781                        18.895756
              2       573.05466               0.029072927                 1.0472111     0.021915715      0.98149902       1.0253773       1207.8091      -30.849897       -30.849897       1207.8091                                764.68382                  26.44125                 397.84179                        18.842263
              1       573.13721               0.028581004                 1.0471518     0.021943544      0.98174349       1.0253773       1207.9742      -30.849897       -30.849897       1207.9742                                764.74842                  26.38068                  397.8416                        19.003527
              1       573.26164                0.02863201                 1.0464838     0.021932631      0.98205813       1.0254994       1208.2231      -30.849897       -30.849897       1208.2231                                765.21702                 26.275616                 397.83925                        18.891184
              1       573.29929                0.02863201                 1.0464838     0.021932631      0.98205813       1.0251692       1208.2984      -30.849897       -30.849897       1208.2984                                765.01301                 26.335542                 397.83914                        19.110686
              2       573.27152                0.02863201                 1.0464838     0.021932631      0.98205813       1.0255507       1208.2428      -30.849897       -30.849897       1208.2428                                765.27957                 26.266346                 397.83925                        18.857659
              1       573.47141               0.028952121                 1.0464086     0.021984387      0.98214585       1.0255852       1208.6426      -30.849897       -30.849897       1208.6426                                765.90268                 26.244456                 397.81679                        18.678683
              1       573.45215               0.028889077                 1.0470931     0.022004817      0.98185357       1.0255852       1208.6041      -30.849897       -30.849897       1208.6041                                765.75735                  26.32337                  397.8173                        18.706068
              3       573.35434               0.028889077                 1.0470931     0.022004817      0.98185357       1.0252888       1208.4085      -30.849897       -30.849897       1208.4085                                765.29257                 26.377339                 397.83593                        18.902627
              2       574.04547               0.029519199                 1.0464934     0.022043722      0.98163849       1.0252888       1209.7907      -30.849897       -30.849897       1209.7907                                766.98069                 26.439421                 397.81111                        18.559514
              3       574.20785               0.028947764                 1.0474049     0.022064401       0.9809552       1.0252888       1210.1155      -30.849897       -30.849897       1210.1155                                766.91891                 26.622534                 397.84891                        18.725139
              1       573.28444               0.029039308                 1.0476562     0.022012995      0.98080686       1.0252888       1208.2687      -30.849897       -30.849897       1208.2687                                 764.9988                 26.654417                 397.86543                        18.750026
              5       574.51794               0.029039308                 1.0476562     0.022012995      0.98080686       1.0263636       1210.7357      -30.849897       -30.849897       1210.7357                                768.37102                 26.455206                 397.84866                         18.06079
              3       573.23693               0.029039308                 1.0476562     0.022012995      0.98080686       1.0251505       1208.1737      -30.849897       -30.849897       1208.1737                                764.82897                 26.680285                 397.82111                         18.84329
              1       573.77064               0.029039308                 1.0476562     0.022012995      0.98080686        1.025903       1209.2411      -30.849897       -30.849897       1209.2411                                766.48165                 26.540189                  397.8708                        18.348446
              1       573.43365               0.029032018                 1.0469865     0.021954538      0.98075318        1.025903       1208.5671      -30.849897       -30.849897       1208.5671                                765.84083                 26.546783                 397.82623                        18.353247
              1       573.17811                0.02851841                 1.0473599     0.021936801      0.98159009        1.025903        1208.056      -30.849897       -30.849897        1208.056                                765.18246                 26.325173                 397.85726                        18.691129
              1       573.40652               0.028690135                 1.0480028     0.021918227       0.9815844        1.025903       1208.5128      -30.849897       -30.849897       1208.5128                                 765.6314                  26.32236                 397.84179                        18.717284
              1        573.6011               0.028579256                 1.0491078      0.02192602      0.98146929        1.025903        1208.902      -30.849897       -30.849897        1208.902                                765.87561                  26.35311                 397.83219                        18.841071
              1       573.38555               0.028719663                 1.0488627     0.021954902       0.9809415        1.025903       1208.4709      -30.849897       -30.849897       1208.4709                                 765.4751                 26.496875                 397.83042                        18.668481
              4       573.49564               0.028719663                 1.0488627     0.021954902       0.9809415       1.0249817       1208.6911      -30.849897       -30.849897       1208.6911                                764.86981                  26.66807                 397.85595                        19.297257
              1       573.17833               0.028762564                  1.048377      0.02196193      0.98102231       1.0249817       1208.0564      -30.849897       -30.849897       1208.0564                                764.34738                 26.648759                 397.82781                        19.232503
              1       573.32544               0.028762564                  1.048377      0.02196193      0.98102231       1.0248116       1208.3507      -30.849897       -30.849897       1208.3507                                 764.4835                 26.680563                 397.83404                        19.352577
              1       573.11234               0.028762564                  1.048377      0.02196193      0.98102231       1.0250874       1207.9245      -30.849897       -30.849897       1207.9245                                  764.309                 26.629025                 397.82781                        19.158641
              2       573.30212               0.028501701                 1.0484672     0.022002008      0.98094775       1.0254694        1208.304      -30.849897       -30.849897        1208.304                                764.95412                 26.582094                  397.8234                        18.944414
              1       573.30585               0.028501701                 1.0484672     0.022002008      0.98094775        1.025408       1208.3115      -30.849897       -30.849897       1208.3115                                764.89901                 26.593516                 397.83226                        18.986711
              1       573.42612               0.028501701                 1.0484672     0.022002008      0.98094775       1.0250445        1208.552      -30.849897       -30.849897        1208.552                                764.81749                 26.661271                 397.83226                        19.241006
              1       574.68485               0.028501701                 1.0484672     0.022002008      0.98094775       1.0241255       1211.0695      -30.849897       -30.849897       1211.0695                                766.48333                 26.834516                 397.83518                        19.916473
              2       576.27521               0.028501701                 1.0484672     0.022002008      0.98094775       1.0273554       1214.2502      -30.849897       -30.849897       1214.2502                                 772.4159                 26.236787                 397.85086                        17.746677
              2       576.24494               0.028931427                 1.0480387     0.021964903      0.98111572       1.0273554       1214.1897      -30.849897       -30.849897       1214.1897                                772.51417                 26.189778                 397.83273                           17.653
              1       576.38948               0.028951263                 1.0481118     0.021970573      0.98107626       1.0273554       1214.4788      -30.849897       -30.849897       1214.4788                                  772.809                  26.19943                 397.83273                        17.637583
              3       573.05883               0.028951263                 1.0481118     0.021970573      0.98107626        1.025372       1207.8175      -30.849897       -30.849897       1207.8175                                764.55741                 26.561688                 397.83402                        18.864331
              1       573.11539               0.028940825                 1.0484094     0.021969259      0.98111182        1.025372       1207.9306      -30.849897       -30.849897       1207.9306                                764.63761                 26.552529                 397.83184                        18.908591
              2       573.10989               0.028856005                 1.0483562     0.021970837      0.98120413        1.025372       1207.9196      -30.849897       -30.849897       1207.9196                                764.62419                 26.527767                 397.83402                        18.933596
              1       573.21741               0.028854957                 1.0484282      0.02200051      0.98116284        1.025372       1208.1346      -30.849897       -30.849897       1208.1346                                764.85973                 26.542401                  397.8233                        18.909189
              2        573.2194               0.028854957                 1.0484282      0.02200051      0.98116284       1.0253942       1208.1386      -30.849897       -30.849897       1208.1386                                764.88291                 26.538292                  397.8233                        18.894087
              1       573.25144                0.02872625                 1.0487228     0.021993724      0.98100795       1.0253942       1208.2027      -30.849897       -30.849897       1208.2027                                 764.8341                 26.578444                 397.83226                         18.95787
              4        573.4395               0.029077097                 1.0492726      0.02200576      0.98092517       1.0253942       1208.5788      -30.849897       -30.849897       1208.5788                                765.26902                 26.602389                 397.82964                        18.877741
              1       573.47192               0.029146107                 1.0487459     0.022020254      0.98055379       1.0253942       1208.6436      -30.849897       -30.849897       1208.6436                                765.37836                 26.704034                 397.82746                        18.733765
              1       573.44795               0.029089306                 1.0488358        0.022016      0.98053849       1.0253942       1208.5957      -30.849897       -30.849897       1208.5957                                765.29085                  26.70686                 397.83673                        18.761249
              4       574.79752               0.029089306                 1.0488358        0.022016      0.98053849       1.0238971       1211.2948      -30.849897       -30.849897       1211.2948                                766.61865                  26.99155                 397.84777                        19.836874
              1       574.52682                0.02939495                 1.0487882     0.021991919      0.98053434       1.0238971       1210.7534      -30.849897       -30.849897       1210.7534                                766.17966                  26.98916                 397.84777                        19.736839
              1       574.64159               0.029540688                 1.0475645     0.022015492      0.98109661        1.026258        1210.983      -30.849897       -30.849897        1210.983                                768.72562                 26.398758                 397.85086                        18.007738
              2        573.7723               0.029022271                 1.0470237     0.021952182      0.98120218        1.026258       1209.2444      -30.849897       -30.849897       1209.2444                                766.84236                  26.36409                 397.83273                        18.205208
              3       573.82815               0.029018504                 1.0471653     0.021950861      0.98128571        1.026258       1209.3561      -30.849897       -30.849897       1209.3561                                766.95092                 26.341158                 397.83273                        18.231277
              2       573.75681               0.028795235                 1.0476678     0.021951203      0.98070165        1.026258       1209.2134      -30.849897       -30.849897       1209.2134                                766.61245                 26.494329                  397.8372                        18.269435
              1       573.81457               0.028906682                 1.0479531     0.021963192      0.98072111        1.026258       1209.3289      -30.849897       -30.849897       1209.3289                                 766.7358                  26.49135                 397.85079                        18.250996
              2       573.74854               0.028789541                 1.0481315     0.021962116      0.98080421        1.026258       1209.1969      -30.849897       -30.849897       1209.1969                                766.56276                 26.468531                 397.85079                        18.314782
              2       573.73114               0.028780212                 1.0481584     0.021960837      0.98080685        1.026258       1209.1621      -30.849897       -30.849897       1209.1621                                 766.5184                 26.468035                 397.85079                        18.324855
              1       574.06242               0.028810465                 1.0490631     0.022010734      0.98102797        1.026258       1209.8246      -30.849897       -30.849897       1209.8246                                 767.1616                 26.416921                 397.86762                          18.3785
              1       573.96931               0.028991697                 1.0490224     0.022000497      0.98127591        1.026258       1209.6384      -30.849897       -30.849897       1209.6384                                767.05084                 26.349917                 397.88438                        18.353277
              2       574.28713               0.028825268                 1.0488216     0.022004795      0.98140705       1.0243316        1210.274      -30.849897       -30.849897        1210.274                                766.02622                 26.672244                 397.83226                        19.743325
              1       573.61491               0.029477131                 1.0483383     0.021977607        0.980952       1.0243316       1208.9296      -30.849897       -30.849897       1208.9296                                764.88833                 26.791599                 397.84359                        19.406096
              1       573.47367               0.029242888                 1.0474091     0.021972629       0.9808929       1.0243316       1208.6471      -30.849897       -30.849897       1208.6471                                 764.6322                 26.806463                 397.83042                        19.378043
              1       573.48269               0.029261551                 1.0473837     0.021969518      0.98094496       1.0243316       1208.6652      -30.849897       -30.849897       1208.6652                                764.66404                 26.791976                 397.83042                        19.378724
              3       573.06894               0.029261551                 1.0473837     0.021969518      0.98094496       1.0254045       1207.8377      -30.849897       -30.849897       1207.8377                                 764.7631                 26.590754                  397.8372                        18.646619
              1       573.00162               0.029261551                 1.0473837     0.021969518      0.98094496       1.0250981        1207.703      -30.849897       -30.849897        1207.703                                764.36284                  26.64785                 397.84307                        18.849269
              1       573.32811               0.030218964                 1.0494406     0.021978396      0.98171851       1.0250981        1208.356      -30.849897       -30.849897        1208.356                                765.23579                 26.444221                 397.83445                        18.841548
              2       573.29963               0.030474856                 1.0491237     0.021967276      0.98162523       1.0250981       1208.2991      -30.849897       -30.849897       1208.2991                                765.28082                 26.466747                 397.83445                        18.717036
              3       573.40155               0.030474856                 1.0491237     0.021967276      0.98162523       1.0246006       1208.5029      -30.849897       -30.849897       1208.5029                                765.06409                 26.558635                 397.83042                        19.049746
              1        573.4978               0.030436094                  1.049393     0.021970048      0.98168625       1.0246006       1208.6954      -30.849897       -30.849897       1208.6954                                765.22059                 26.543007                 397.83042                        19.101375
              1       574.02436               0.030436094                  1.049393     0.021970048      0.98168625       1.0259375       1209.7485      -30.849897       -30.849897       1209.7485                                767.37576                 26.298026                 397.84307                         18.23166
              3        573.7366               0.030281535                 1.0492958     0.021957122      0.98136508         1.02438        1209.173      -30.849897       -30.849897        1209.173                                765.38657                 26.667793                 397.85623                        19.262408
              2       573.67334               0.030318996                 1.0489067     0.021934231      0.98146861         1.02438       1209.0465      -30.849897       -30.849897       1209.0465                                765.30173                   26.6371                 397.85595                        19.251687
              1       573.31068                0.02982939                 1.0477153     0.021983118      0.98159622         1.02438       1208.3211      -30.849897       -30.849897       1208.3211                                764.62677                 26.608396                 397.83235                         19.25363
              1       574.20496               0.029771659                 1.0475481     0.021964113      0.98133709       1.0262406       1210.1097      -30.849897       -30.849897       1210.1097                                767.89667                 26.332772                  397.8416                        18.038677
              1       573.76543               0.029352603                 1.0475183     0.021923668       0.9817319       1.0262406       1209.2306      -30.849897       -30.849897       1209.2306                                766.89118                 26.224422                 397.85066                         18.26438
              1       575.51436               0.029352603                 1.0475183     0.021923668       0.9817319         1.02704       1212.7285      -30.849897       -30.849897       1212.7285                                771.01183                 26.081389                 397.83704                         17.79825
              1       573.80419               0.029352603                 1.0475183     0.021923668       0.9817319       1.0242721       1209.3082      -30.849897       -30.849897       1209.3082                                765.31462                 26.584693                 397.84896                        19.559905
              1       573.47815               0.029352603                 1.0475183     0.021923668       0.9817319       1.0244965       1208.6561      -30.849897       -30.849897       1208.6561                                764.87426                 26.543081                  397.8372                        19.401545
              1       573.58151               0.029355566                 1.0474068     0.021914035      0.98182095        1.025983       1208.8628      -30.849897       -30.849897       1208.8628                                766.36425                 26.245362                 397.82466                        18.428556
              1       573.41988               0.029079176                 1.0473563     0.021950795      0.98221199        1.025983       1208.5396      -30.849897       -30.849897       1208.5396                                766.04429                 26.152004                 397.81841                        18.524855
              1       573.50459               0.029079176                 1.0473563     0.021950795      0.98221199       1.0260589        1208.709      -30.849897       -30.849897        1208.709                                766.27257                 26.138433                 397.82062                        18.477351
              1       574.53078               0.029079176                 1.0473563     0.021950795      0.98221199       1.0266764       1210.7613      -30.849897       -30.849897       1210.7613                                768.80116                 26.028723                 397.82897                         18.10249
              1       574.94157               0.029079176                 1.0473563     0.021950795      0.98221199       1.0268559       1211.5829      -30.849897       -30.849897       1211.5829                                769.75947                 25.997069                 397.82897                         17.99744
              2       573.12078               0.029079176                 1.0473563     0.021950795      0.98221199       1.0255082       1207.9413      -30.849897       -30.849897       1207.9413                                765.02785                 26.237292                 397.84712                        18.829082
              1       573.12472               0.029187624                 1.0473137     0.021941593      0.98215514       1.0255082       1207.9492      -30.849897       -30.849897       1207.9492                                765.06127                 26.250514                 397.84712                        18.790337
              2       573.48502               0.029187624                 1.0473137     0.021941593      0.98215514       1.0260106       1208.6698      -30.849897       -30.849897       1208.6698                                766.20156                 26.160169                 397.83704                        18.471054
              1       573.12495               0.029187624                 1.0473137     0.021941593      0.98215514       1.0250866       1207.9497      -30.849897       -30.849897       1207.9497                                764.71892                 26.326905                 397.83494                        19.068925
              2       573.93871               0.029187624                 1.0473137     0.021941593      0.98215514       1.0263412       1209.5772      -30.849897       -30.849897       1209.5772                                767.38464                 26.101153                 397.82298                        18.268446
              1       573.78938               0.029212986                 1.0480504     0.021930073      0.98207326       1.0263412       1209.2786      -30.849897       -30.849897       1209.2786                                766.97456                 26.120951                 397.84712                        18.335922
              1       573.95601               0.029212986                 1.0480504     0.021930073      0.98207326       1.0264465       1209.6118      -30.849897       -30.849897       1209.6118                                767.39055                 26.102196                 397.84712                        18.271952
              2       573.10195               0.029212986                 1.0480504     0.021930073      0.98207326       1.0254345       1207.9037      -30.849897       -30.849897       1207.9037                                764.83243                  26.28396                 397.87538                        18.911913
              1       573.20308               0.029212986                 1.0480504     0.021930073      0.98207326       1.0250222        1208.106      -30.849897       -30.849897        1208.106                                764.71642                 26.358878                 397.84204                        19.188629
              2       573.37799               0.029181459                 1.0485751     0.021944672      0.98223248       1.0250222       1208.4558      -30.849897       -30.849897       1208.4558                                765.04484                 26.318938                 397.83131                        19.260684
              2       573.39958                0.02882081                 1.0480081     0.021973033      0.98236806       1.0250222       1208.4989      -30.849897       -30.849897       1208.4989                                765.04617                 26.288061                 397.85306                        19.311649
              1         573.449               0.028814997                 1.0476413     0.022001354      0.98233827       1.0250222       1208.5978      -30.849897       -30.849897       1208.5978                                765.23555                 26.298604                 397.82641                         19.23724
              3       573.36457               0.028814997                 1.0476413     0.022001354      0.98233827       1.0253334       1208.4289      -30.849897       -30.849897       1208.4289                                765.32706                 26.242331                 397.83593                        19.023622
              1       573.24856               0.028828583                  1.047374      0.02198997      0.98207596       1.0253334       1208.1969      -30.849897       -30.849897       1208.1969                                765.07969                 26.309033                 397.83593                        18.972258
              1       573.24698               0.028798802                 1.0471753      0.02198425      0.98214986       1.0253334       1208.1938      -30.849897       -30.849897       1208.1938                                765.09372                 26.288966                 397.83593                        18.975132
              1       574.01557               0.028798802                 1.0471753      0.02198425      0.98214986       1.0243571       1209.7309      -30.849897       -30.849897       1209.7309                                765.75587                 26.467191                 397.85086                        19.657008
              1       574.19632               0.028854928                 1.0471491     0.022028885      0.98181217       1.0243571       1210.0924      -30.849897       -30.849897       1210.0924                                 766.1358                 26.563128                 397.85086                         19.54264
              3       574.15722               0.028672651                 1.0474539       0.0220188      0.98164267       1.0243571       1210.0142      -30.849897       -30.849897       1210.0142                                765.93529                 26.605746                 397.84891                        19.624276
              3       574.16686                0.02882442                 1.0480552      0.02202921      0.98131977       1.0243571       1210.0335      -30.849897       -30.849897       1210.0335                                765.87764                 26.694268                 397.86585                        19.595749
              1        573.7286               0.030117593                 1.0491526     0.021972941      0.98225705       1.0243571        1209.157      -30.849897       -30.849897        1209.157                                765.45312                 26.438146                 397.83402                        19.431705
              1       573.67353               0.030117593                 1.0491526     0.021972941      0.98225705        1.025905       1209.0468      -30.849897       -30.849897       1209.0468                                766.63763                 26.157571                 397.85086                        18.400791
              1       573.37356               0.030117593                 1.0491526     0.021972941      0.98225705       1.0247052       1208.4469      -30.849897       -30.849897       1208.4469                                765.05812                 26.374438                 397.82594                        19.188418
              2       573.71865               0.030117593                 1.0491526     0.021972941      0.98225705       1.0243648       1209.1371      -30.849897       -30.849897       1209.1371                                765.44013                 26.436723                 397.83402                        19.426216
              1       573.51635               0.029997587                 1.0484495     0.021985584      0.98237533       1.0243648       1208.7325      -30.849897       -30.849897       1208.7325                                765.08057                 26.406421                 397.85111                        19.394397
              2       573.79403               0.029846031                 1.0487902     0.022013486      0.98242954       1.0243648       1209.2879      -30.849897       -30.849897       1209.2879                                765.57278                 26.397028                 397.85111                        19.466947
              3       573.33219               0.029865455                 1.0486692     0.022018023      0.98235608       1.0251872       1208.3642      -30.849897       -30.849897       1208.3642                                765.38371                 26.266909                 397.85086                         18.86269
              1       573.35992               0.029602561                 1.0490757     0.022011643      0.98207988       1.0251872       1208.4196      -30.849897       -30.849897       1208.4196                                765.26588                 26.337686                 397.85111                         18.96496
              2       574.05443               0.028860985                 1.0484006      0.02205592      0.98243513       1.0252252       1209.8087      -30.849897       -30.849897       1209.8087                                766.63228                 26.246193                 397.81045                        19.119732
              1       574.35832               0.029195247                  1.048153     0.022074477      0.98249245       1.0252252       1210.4164      -30.849897       -30.849897       1210.4164                                767.36294                 26.233922                 397.85713                        18.962444
              2       574.56609               0.029195247                  1.048153     0.022074477      0.98249245       1.0246157        1210.832      -30.849897       -30.849897        1210.832                                767.28086                  26.34427                 397.81751                        19.389318
              1       574.47972               0.029195247                  1.048153     0.022074477      0.98249245       1.0247287       1210.6592      -30.849897       -30.849897       1210.6592                                767.20714                 26.323735                 397.81972                        19.308641
              1       575.00114               0.029195247                  1.048153     0.022074477      0.98249245       1.0260485       1211.7021      -30.849897       -30.849897       1211.7021                                769.33635                 26.086587                 397.86093                        18.418197
              2       575.08072               0.029174687                 1.0492625     0.022085574      0.98214388       1.0260485       1211.8612      -30.849897       -30.849897       1211.8612                                769.36627                 26.176074                 397.83615                         18.48275
              1       574.57889               0.029174687                 1.0492625     0.022085574      0.98214388       1.0250607       1210.8576      -30.849897       -30.849897       1210.8576                                767.50029                 26.354536                 397.84891                        19.153841
              4        575.9065               0.029174687                 1.0492625     0.022085574      0.98214388       1.0239399       1213.5128      -30.849897       -30.849897       1213.5128                                769.12604                 26.560388                 397.84616                        19.980208
              1       575.38285               0.029163584                 1.0485388     0.022064558      0.98220854       1.0239399       1212.4655      -30.849897       -30.849897       1212.4655                                768.15999                 26.541407                 397.84573                        19.918353
              3       574.19665               0.029163584                 1.0485388     0.022064558      0.98220854       1.0255955       1210.0931      -30.849897       -30.849897       1210.0931                                767.29837                 26.239042                 397.81751                        18.738171
              1       574.25057               0.029163584                 1.0485388     0.022064558      0.98220854        1.024761       1210.2009      -30.849897       -30.849897       1210.2009                                766.64518                 26.390463                 397.85111                        19.314185
              2       574.40148               0.028865826                 1.0482212     0.022066036      0.98209876        1.024761       1210.5028      -30.849897       -30.849897       1210.5028                                 766.8663                 26.418841                 397.85111                        19.366501
              2        574.6785               0.029228384                 1.0476131     0.022088172      0.98158503        1.024761       1211.0568      -30.849897       -30.849897       1211.0568                                767.57763                 26.556703                 397.84891                        19.073552
