#        weight    minuslogpost deu_damping_envelope_beta deu_transfer_polamp_p_vis         omega_b             n_s        A_planck       chi2__CMB   minuslogprior minuslogprior__0            chi2 chi2__planck_2018_highl_plik.TTTEEE_lite chi2__planck_2018_lowl.TT chi2__planck_2018_lowl.EE chi2__planck_2018_lensing.native
              1       573.39108               0.028916941                  1.047365     0.022015982      0.98147422           1.025       1208.4819      -30.849897       -30.849897       1208.4819                                 765.0535                 26.530767                 397.85086                        19.046827
              2       573.27622                 0.0288959                 1.0488855     0.021948972      0.98113586       1.0255438       1208.2522      -30.849897       -30.849897       1208.2522                                765.02926                 26.510709                 397.83042                        18.881839
              1       574.36405               0.028750303                 1.0497484     0.021994786      0.98137254       1.0265535       1210.4279      -30.849897       -30.849897       1210.4279                                767.99128                 26.270186                  397.8233                        18.343137
              1       573.70891               0.028750303                 1.0497484     0.021994786      0.98137254       1.0251508       1209.1176      -30.849897       -30.849897       1209.1176                                765.47407                 26.526757                 397.82964                        19.287157
              1       573.56874               0.029148824                 1.0498116     0.021985108      0.98174739       1.0253362       1208.8373      -30.849897       -30.849897       1208.8373                                765.52677                 26.392873                 397.83445                        19.083199
              1       574.20771               0.029148824                 1.0498116     0.021985108      0.98174739        1.026382       1210.1152      -30.849897       -30.849897       1210.1152                                767.64743                  26.20328                 397.87344                        18.391073
              1       574.14829               0.029056615                 1.0494899     0.021990802      0.98187369       1.0264164       1209.9964      -30.849897       -30.849897       1209.9964                                767.60193                 26.165687                 397.85111                        18.377645
              1       574.65748               0.030025164                 1.0498732      0.02198586      0.98199796       1.0264164       1211.0148      -30.849897       -30.849897       1211.0148                                768.87987                 26.132848                 397.86942                        18.132618
              1       573.65917               0.030025164                 1.0498732      0.02198586      0.98199796       1.0247631       1209.0181      -30.849897       -30.849897       1209.0181                                 765.5408                 26.432119                 397.83445                        19.210769
              1       573.86399               0.030025164                 1.0498732      0.02198586      0.98199796         1.02588       1209.4278      -30.849897       -30.849897       1209.4278                                766.85331                 26.229062                 397.87931                         18.46609
              1       574.50338               0.030058796                  1.049833     0.022047356      0.98201143       1.0241627       1210.7066      -30.849897       -30.849897       1210.7066                                766.72417                 26.549139                 397.86585                        19.567403
              2       573.87241               0.030319597                 1.0490363     0.022023149      0.98216163       1.0241627       1209.4446      -30.849897       -30.849897       1209.4446                                765.65164                 26.505795                 397.86447                        19.422707
              1       573.80524               0.030259896                  1.049137     0.021991925      0.98189566       1.0241627       1209.3103      -30.849897       -30.849897       1209.3103                                765.46717                 26.570631                 397.83226                        19.440222
              1       573.72551               0.030105496                 1.0486905     0.022003284      0.98175469       1.0241627       1209.1508      -30.849897       -30.849897       1209.1508                                765.28929                 26.610151                 397.83445                        19.416936
              1       573.65251               0.030187252                 1.0486655     0.021963366      0.98197811       1.0241627       1209.0048      -30.849897       -30.849897       1209.0048                                765.15856                 26.547642                 397.83445                        19.464166
              2       573.71536               0.030187252                 1.0486655     0.021963366      0.98197811       1.0260107       1209.1305      -30.849897       -30.849897       1209.1305                                766.82443                 26.210274                 397.85086                        18.244951
              1       573.07053               0.030187252                 1.0486655     0.021963366      0.98197811       1.0247552       1207.8408      -30.849897       -30.849897       1207.8408                                 764.5154                 26.438431                 397.83402                        19.052993
              1       573.50749               0.029922366                 1.0489867      0.02193962      0.98165975       1.0247552       1208.7148      -30.849897       -30.849897       1208.7148                                765.20914                 26.516581                 397.83261                        19.156431
              1       573.32466               0.030085449                 1.0487661     0.021947463      0.98176465       1.0247552       1208.3491      -30.849897       -30.849897       1208.3491                                764.93919                 26.489607                 397.84105                        19.079266
              1       573.27215               0.030095254                 1.0486809     0.021950309      0.98168334       1.0247552       1208.2441      -30.849897       -30.849897       1208.2441                                764.83748                 26.511563                 397.84105                        19.053993
              1       573.17756               0.030095254                 1.0486809     0.021950309      0.98168334       1.0251456       1208.0549      -30.849897       -30.849897       1208.0549                                764.98807                 26.439663                 397.83402                        18.793153
              1       573.70742               0.030160906                 1.0487222     0.021943253      0.98165574       1.0259526       1209.1146      -30.849897       -30.849897       1209.1146                                766.70052                 26.300014                  397.8394                        18.274708
              1        573.2399               0.030160906                 1.0487222     0.021943253      0.98165574       1.0254843       1208.1796      -30.849897       -30.849897       1208.1796                                765.38405                 26.385279                 397.84307                        18.567203
              1       573.74571               0.030160906                 1.0487222     0.021943253      0.98165574       1.0242141       1209.1912      -30.849897       -30.849897       1209.1912                                765.30162                 26.619658                 397.84929                        19.420642
              1       574.76528               0.029950242                 1.0486267     0.021952567      0.98180926       1.0265776       1211.2304      -30.849897       -30.849897       1211.2304                                769.27379                 26.148083                 397.85086                        17.957631
              2       574.26784               0.029950242                 1.0486267     0.021952567      0.98180926       1.0239493       1210.2355      -30.849897       -30.849897       1210.2355                                766.09501                 26.628267                 397.83261                        19.679586
              1       574.64703               0.029847157                 1.0484406     0.021951222      0.98182574       1.0265598       1210.9938      -30.849897       -30.849897       1210.9938                                769.02484                 26.147366                 397.83494                        17.986701
              1       573.26321               0.029583012                 1.0490421     0.021975294       0.9820687       1.0254658       1208.2262      -30.849897       -30.849897       1208.2262                                765.24667                 26.285789                 397.87563                        18.818126
              2       573.84258               0.029110335                 1.0499511     0.021937273      0.98136891       1.0254658        1209.385      -30.849897       -30.849897        1209.385                                766.04758                 26.461609                 397.85623                        19.019532
              1       574.09501               0.029110335                 1.0499511     0.021937273      0.98136891       1.0261665       1209.8898      -30.849897       -30.849897       1209.8898                                767.15183                 26.333395                 397.84929                        18.555287
              1       575.42548               0.029110335                 1.0499511     0.021937273      0.98136891       1.0270032       1212.5508      -30.849897       -30.849897       1212.5508                                 770.4914                 26.182207                 397.84124                        18.035915
              2       573.83931               0.029110335                 1.0499511     0.021937273      0.98136891       1.0254827       1209.3784      -30.849897       -30.849897       1209.3784                                766.05601                 26.458488                 397.85595                        19.007978
              1       574.16543               0.029110335                 1.0499511     0.021937273      0.98136891       1.0249439       1210.0306      -30.849897       -30.849897       1210.0306                                766.23373                 26.558003                 397.85623                        19.382684
              3       573.83856               0.029110335                 1.0499511     0.021937273      0.98136891       1.0254872       1209.3769      -30.849897       -30.849897       1209.3769                                766.05839                 26.457662                 397.85595                        19.004921
              1       573.67693               0.029438611                 1.0489945     0.021906914       0.9805343       1.0255492       1209.0537      -30.849897       -30.849897       1209.0537                                765.90695                 26.663758                 397.80758                        18.675369
              2       573.46225               0.029434982                 1.0489911      0.02194297      0.98066529       1.0255492       1208.6243      -30.849897       -30.849897       1208.6243                                765.48462                 26.633897                 397.85377                        18.652004
              3       573.26314               0.029259852                  1.047987     0.021922855      0.98120761       1.0255492       1208.2261      -30.849897       -30.849897       1208.2261                                765.19149                 26.486169                 397.84896                        18.699457
              1       573.04677               0.028804568                 1.0464653     0.021952277      0.98097049       1.0255492       1207.7933      -30.849897       -30.849897       1207.7933                                764.77247                 26.555356                 397.83106                        18.634453
              1       574.24869               0.028804568                 1.0464653     0.021952277      0.98097049       1.0239175       1210.1972      -30.849897       -30.849897       1210.1972                                 765.7405                 26.861939                 397.83219                        19.762548
              2        575.1328               0.028804568                 1.0464653     0.021952277      0.98097049       1.0235431       1211.9654      -30.849897       -30.849897       1211.9654                                767.15936                 26.933491                 397.83042                        20.042104
              1       573.03257               0.028804568                 1.0464653     0.021952277      0.98097049       1.0255238       1207.7649      -30.849897       -30.849897       1207.7649                                764.72291                 26.560066                 397.83106                        18.650902
              2       573.06063               0.028804568                 1.0464653     0.021952277      0.98097049       1.0248107       1207.8211      -30.849897       -30.849897       1207.8211                                764.16382                 26.693046                  397.8372                        19.126998
              2       572.96033               0.028804568                 1.0464653     0.021952277      0.98097049       1.0253383       1207.6204      -30.849897       -30.849897       1207.6204                                764.42283                 26.594509                 397.83106                        18.772051
              2       573.13694                0.02876929                 1.0465764     0.021957617      0.98097076       1.0255036       1207.9737      -30.849897       -30.849897       1207.9737                                764.90183                 26.563584                 397.83106                        18.677193
              1       574.24367                0.02876929                 1.0465764     0.021957617      0.98097076       1.0239976       1210.1871      -30.849897       -30.849897       1210.1871                                765.78567                 26.846439                 397.83402                        19.721008
              1       574.22687               0.028785562                 1.0463612     0.021943021      0.98091963       1.0239976       1210.1535      -30.849897       -30.849897       1210.1535                                765.76932                  26.85772                 397.83219                          19.6943
              2       575.01155               0.028785562                 1.0463612     0.021943021      0.98091963       1.0236467       1211.7229      -30.849897       -30.849897       1211.7229                                767.00769                 26.924738                 397.83656                        19.953902
              1        575.2485               0.029152695                 1.0472573     0.021913176      0.98094572       1.0236467       1212.1968      -30.849897       -30.849897       1212.1968                                767.47999                  26.91232                 397.84668                          19.9578
              2       573.96181               0.029152695                 1.0472573     0.021913176      0.98094572        1.026253       1209.6234      -30.849897       -30.849897       1209.6234                                767.16248                 26.424154                 397.83915                        18.197628
              1       573.11852               0.029123601                  1.048214     0.021952438      0.98085982        1.025119       1207.9368      -30.849897       -30.849897       1207.9368                                764.46248                 26.663572                 397.83404                        18.976729
              1       573.13539               0.029117108                 1.0482536     0.021949691      0.98084666        1.025119       1207.9706      -30.849897       -30.849897       1207.9706                                764.47289                 26.666624                 397.84668                        18.984388
              3       573.54012               0.029110266                 1.0483018     0.021947731      0.98082883       1.0260209         1208.78      -30.849897       -30.849897         1208.78                                766.03481                 26.504025                 397.83219                         18.40901
              1       577.94824               0.029132328                 1.0483914     0.021944329      0.98091829       1.0228912       1217.5963      -30.849897       -30.849897       1217.5963                                772.05729                  27.07005                 397.80389                        20.665034
              1       577.36847               0.029132328                 1.0483914     0.021944329      0.98091829       1.0276244       1216.4367      -30.849897       -30.849897       1216.4367                                774.94647                 26.187206                 397.83106                        17.471993
              1        577.2003               0.029097308                  1.048655     0.021958795      0.98130794       1.0276244       1216.1004      -30.849897       -30.849897       1216.1004                                774.64105                 26.090238                 397.83273                        17.536368
              1       574.10965               0.028868964                 1.0485247     0.021945011      0.98136064       1.0265316       1209.9191      -30.849897       -30.849897       1209.9191                                767.56258                 26.271058                 397.83106                        18.254394
              1       573.35979               0.028868964                 1.0485247     0.021945011      0.98136064       1.0258791       1208.4194      -30.849897       -30.849897       1208.4194                                765.51148                 26.389736                 397.85079                        18.667366
              1       574.06245               0.028868964                 1.0485247     0.021945011      0.98136064        1.024463       1209.8247      -30.849897       -30.849897       1209.8247                                765.68303                 26.651491                 397.84668                        19.643495
              2        573.7275               0.028868964                 1.0485247     0.021945011      0.98136064       1.0262709       1209.1548      -30.849897       -30.849897       1209.1548                                766.58262                 26.318331                  397.8372                        18.416644
              1       573.76891               0.029041319                 1.0485342     0.021941933      0.98133002       1.0262709       1209.2376      -30.849897       -30.849897       1209.2376                                766.71305                 26.325785                  397.8372                        18.361577
              1       573.87254               0.029051133                 1.0490658     0.021936786      0.98147807       1.0262709       1209.4449      -30.849897       -30.849897       1209.4449                                766.88597                 26.286243                  397.8372                        18.435456
              1       573.58698               0.029007444                 1.0486955      0.02190321      0.98162237       1.0252824       1208.8738      -30.849897       -30.849897       1208.8738                                765.48571                 26.424195                 397.84483                        19.119021
              1       573.53285               0.029007444                 1.0486955      0.02190321      0.98162237       1.0257183       1208.7655      -30.849897       -30.849897       1208.7655                                765.75715                 26.344523                 397.83537                        18.828453
              1       573.75176                0.02914375                 1.0489397     0.021902073       0.9817939       1.0257183       1209.2033      -30.849897       -30.849897       1209.2033                                766.24434                  26.29824                 397.83537                         18.82536
              2       573.91001                0.02914375                 1.0489397     0.021902073       0.9817939       1.0251131       1209.5198      -30.849897       -30.849897       1209.5198                                766.02947                 26.408535                 397.85106                        19.230742
              2       573.94986                0.02914375                 1.0489397     0.021902073       0.9817939        1.026087       1209.5995      -30.849897       -30.849897       1209.5995                                766.94227                 26.231553                 397.83756                        18.588123
              2       573.95901                0.02914375                 1.0489397     0.021902073       0.9817939       1.0260979       1209.6178      -30.849897       -30.849897       1209.6178                                766.96947                 26.229584                 397.83756                        18.581209
              1       574.51193                0.02914375                 1.0489397     0.021902073       0.9817939       1.0265528       1210.7236      -30.849897       -30.849897       1210.7236                                768.43494                 26.147909                 397.84179                         18.29901
              2       574.01745               0.029125714                 1.0488643     0.021905717      0.98194994       1.0248195       1209.7347      -30.849897       -30.849897       1209.7347                                766.01242                 26.422867                 397.84483                        19.454571
              1       573.65674               0.028934264                 1.0484876     0.021919213       0.9818508       1.0248737       1209.0133      -30.849897       -30.849897       1209.0133                                765.32252                 26.441803                 397.83219                        19.416767
              3        573.4776               0.028934264                 1.0484876     0.021919213       0.9818508       1.0260385        1208.655      -30.849897       -30.849897        1208.655                                 765.9475                 26.229851                 397.84179                         18.63586
              1       573.56785               0.028934264                 1.0484876     0.021919213       0.9818508       1.0261432       1208.8355      -30.849897       -30.849897       1208.8355                                766.21342                 26.210995                 397.84179                        18.569293
              2        573.2877               0.028934264                 1.0484876     0.021919213       0.9818508       1.0255457       1208.2752      -30.849897       -30.849897       1208.2752                                765.15947                 26.319059                  397.8394                        18.957262
              1       573.76515               0.028934264                 1.0484876     0.021919213       0.9818508       1.0263242       1209.2301      -30.849897       -30.849897       1209.2301                                766.75415                 26.178491                 397.84179                        18.455664
              1        573.6935                0.02897385                 1.0480554     0.021924336      0.98206764       1.0263242       1209.0868      -30.849897       -30.849897       1209.0868                                766.68941                 26.124297                 397.84445                        18.428637
              1       573.14602                0.02897385                 1.0480554     0.021924336      0.98206764       1.0254412       1207.9918      -30.849897       -30.849897       1207.9918                                764.88198                  26.28305                 397.83106                        18.995731
              1       573.36087                0.02897385                 1.0480554     0.021924336      0.98206764       1.0249878       1208.4215      -30.849897       -30.849897       1208.4215                                764.91055                 26.365464                 397.84204                        19.303475
              1       573.52656               0.028504133                 1.0485656     0.021967704      0.98158668       1.0249878       1208.7529      -30.849897       -30.849897       1208.7529                                 765.0133                 26.497308                 397.83402                         19.40828
              2       573.52766               0.028548793                 1.0485779     0.021976222      0.98162311       1.0249878       1208.7551      -30.849897       -30.849897       1208.7551                                765.04043                 26.489078                 397.83402                        19.391593
              1       575.12827               0.028533436                 1.0483829     0.021980033        0.981631       1.0240006       1211.9563      -30.849897       -30.849897       1211.9563                                 767.3531                 26.669526                 397.83226                        20.101443
              1       574.80044               0.028689573                  1.048063     0.021954139      0.98120883       1.0240006       1211.3007      -30.849897       -30.849897       1211.3007                                766.70605                  26.78081                 397.84668                        19.967137
              3       574.16341               0.028747384                 1.0480681     0.021957071      0.98121127       1.0242678       1210.0266      -30.849897       -30.849897       1210.0266                                765.72267                 26.730135                 397.82781                         19.74601
              1       573.31668               0.028890235                 1.0477559     0.021991496      0.98116378       1.0256843       1208.3332      -30.849897       -30.849897       1208.3332                                765.34548                 26.482967                 397.87344                        18.631282
              1       573.29597               0.029718777                 1.0477369     0.021957793      0.98124409       1.0256843       1208.2917      -30.849897       -30.849897       1208.2917                                765.59875                 26.457877                 397.82648                        18.408631
              1       573.33501               0.029718777                 1.0477369     0.021957793      0.98124409       1.0243842       1208.3698      -30.849897       -30.849897       1208.3698                                764.56868                 26.699319                 397.83042                        19.271395
              1       573.09444               0.029718777                 1.0477369     0.021957793      0.98124409        1.024671       1207.8887      -30.849897       -30.849897       1207.8887                                764.33582                 26.645659                 397.83402                        19.073173
              1       573.00038               0.029718777                 1.0477369     0.021957793      0.98124409        1.025184       1207.7006      -30.849897       -30.849897       1207.7006                                764.56983                 26.550234                 397.85079                        18.729704
              1       573.13376               0.029718777                 1.0477369     0.021957793      0.98124409       1.0246115       1207.9673      -30.849897       -30.849897       1207.9673                                764.36264                 26.656763                 397.83402                        19.113896
              1       573.46145               0.029718777                 1.0477369     0.021957793      0.98124409       1.0242757       1208.6227      -30.849897       -30.849897       1208.6227                                764.72499                 26.719696                 397.83042                        19.347583
              1       573.04899               0.029718777                 1.0477369     0.021957793      0.98124409       1.0247542       1207.7978      -30.849897       -30.849897       1207.7978                                764.31712                 26.630134                 397.83402                        19.016498
              2       573.51697               0.029388411                 1.0487512     0.021916437       0.9816674       1.0251676       1208.7337      -30.849897       -30.849897       1208.7337                                765.40887                  26.43435                 397.83219                        19.058316
              1       573.79034               0.029388411                 1.0487512     0.021916437       0.9816674       1.0260524       1209.2805      -30.849897       -30.849897       1209.2805                                766.68571                 26.273086                  397.8394                        18.482285
              2       573.96555               0.029388411                 1.0487512     0.021916437       0.9816674       1.0262064       1209.6309      -30.849897       -30.849897       1209.6309                                767.15986                 26.245252                  397.8394                         18.38638
              1        573.7362               0.029737504                 1.0483881     0.021904803      0.98167746       1.0258256       1209.1722      -30.849897       -30.849897       1209.1722                                766.53223                 26.309524                 397.83756                        18.492883
              1        573.5096               0.029737504                 1.0483881     0.021904803      0.98167746       1.0252017        1208.719      -30.849897       -30.849897        1208.719                                765.55382                 26.423374                 397.84896                        18.892837
              2       573.31791               0.029524424                 1.0475707     0.021903163      0.98150558       1.0252017       1208.3356      -30.849897       -30.849897       1208.3356                                 765.1702                 26.468823                 397.83756                        18.859028
